10.501 -7.6965 3.7913 -3.105 -3.1436 1.8421 -0.019985 -0.30139
7.3747 -7.0049 16.585 -2.4848 -3.266 1.3635 1.4663 -1.1029
-12.918 1.218 21.828 2.2701 -2.6329 -1.935 2.4476 -1.3802
-12.995 1.285 -21.78 2.2977 -2.5843 -1.9514 -2.4277 1.3794
6.685 -6.5306 -16.935 -2.2834 -3.0543 1.2419 -1.574 1.1126
8.8871 -6.5487 -4.6881 -2.634 -2.6602 1.5617 -0.19781 0.33818
6.6365 -4.7606 -1.0554 -1.9412 -1.9594 1.1587 0.095759 0.093865
4.7494 -3.3994 -0.23947 -1.387 -1.4253 0.82764 0.10128 0.031013
6.4298 -5.7066 -8.1664 -1.9514 -1.1561 0.98985 -1.9057 0.414
-6.6158 2.0101 -12.947 1.8101 5.0065 -1.5467 -3.0451 0.76885
1.4303 -1.2568 10.073 -0.17888 -2.96 -0.10178 1.6939 -0.070015
1.8076 -1.4895 -10.183 -0.28265 -3.0407 -0.03849 -1.7146 0.07502
-7.7908 2.7742 12.964 2.141 5.2854 -1.7454 3.0416 -0.76941
4.5908 -4.3997 7.1183 -1.4188 -0.64748 0.67674 1.6762 -0.36531
5.1395 -4.1655 3.2853 -1.5415 -1.3881 0.84958 0.78573 -0.16196
4.078 -3.1716 1.4822 -1.2146 -1.2122 0.68988 0.37549 -0.07016
-0.30746 -0.3719 -0.017966 -0.074525 -0.72413 -0.13726 -0.0034737 0.00081469
0 0 0 0 0 0 0 0
