-0.17127 -4.0506 -3.0497 -0.46781 -1.2286 0.0041555 -0.37948 -0.017243
-0.28172 -2.2847 -0.8328 -0.2592 -0.58772 0.0065378 -0.18954 -0.03428
-0.45634 0.37144 3.6414 0.050184 0.16708 0.010237 0.26704 -0.059185
-0.64303 -1.0306 3.1473 -0.1198 -0.82987 0.01429 0.33682 -0.03944
-0.60023 -1.9086 -4.0242 -0.21828 -1.0975 0.013407 -0.30417 0.049004
-0.40083 -0.14704 -2.867 -0.0097067 -0.017718 0.0090418 -0.16221 0.064367
-0.20619 -0.23043 -0.22545 -0.023504 0.058975 0.004712 0.095008 0.034548
-0.1771 -2.2424 1.0682 -0.26217 -0.58106 0.0041809 0.30808 0.026154
0.17466 -4.0549 -3.0755 -0.46831 -1.2315 -0.0037876 -0.38181 0.01714
0.28366 -2.2627 -0.78406 -0.2566 -0.5806 -0.0063402 -0.18455 0.034183
0.45367 0.32806 3.5869 0.045136 0.1505 -0.010249 0.2621 0.059945
0.64179 -1.01 3.1711 -0.11724 -0.82028 -0.014167 0.33869 0.040507
0.60396 -1.8928 -3.9913 -0.21644 -1.0943 -0.013271 -0.30143 -0.049321
0.40202 -0.13252 -2.9046 -0.0078631 -0.011331 -0.0090458 -0.16711 -0.064725
0.20417 -0.21605 -0.20655 -0.021805 0.063476 -0.0046558 0.096695 -0.034313
0.17354 -2.3299 1.0157 -0.27236 -0.60875 -0.0038887 0.30573 -0.02516
-0.082473 -0.90322 -0.15099 -0.16479 -0.52989 -0.0097999 0.018234 -0.00031207
0.082782 -0.90377 -0.15311 -0.16486 -0.53004 0.0099642 0.018151 0.00062478