8.0361 -3.1315 -8.5298 -0.72918 -0.06278 0.55161 -0.69823 0.10718
11.726 -4.8269 -33.624 -1.0738 0.22841 0.79465 -2.6826 0.45645
-6.2093 1.3515 7.5917 0.57196 0.51395 -0.53489 0.48063 0.014864
7.8852 -2.8632 0.32852 -0.65538 -2.2048 0.47662 0.027969 -0.003892
-6.2195 1.3528 -7.7075 0.57243 0.52152 -0.5356 -0.49398 -0.014223
14.181 -5.7622 35.863 -1.294 0.16217 0.96368 2.8847 -0.47852
8.36 -3.1745 -1.09 -0.75601 -0.10751 0.57813 -0.16075 -0.01382
13.468 -5.4391 -1.3435 -1.2456 -0.19034 0.94062 -0.35488 -0.078428
-11.13 -0.32308 30.519 0.63779 -0.8863 -0.66652 1.6432 -0.70214
-15.01 2.4277 -1.4764 1.0934 -0.6302 -0.96623 -0.11472 0.021118
-10.011 -0.75311 -29.247 0.53567 -0.86043 -0.58951 -1.5468 0.68462
14.63 -5.9041 3.0999 -1.3521 -0.21857 1.0211 0.52234 0.063862
-0.46705 -0.071677 0.025423 0.0064332 -0.099778 -0.046125 0.0019287 -0.00033875

0 0 0 0 0 0 0 0
0 0 0 0 0 0 0 0
0 0 0 0 0 0 0 0
0 0 0 0 0 0 0 0
0 0 0 0 0 0 0 0