-3.6218 -8.4462 -48.792 -1.1797 -5.3208 -0.811 -3.4493 0.4258
-5.6961 -9.9778 -82.841 -1.3403 -6.4737 -1.0873 -5.8838 0.73238
-3.1411 1.249 10.221 0.45859 1.5786 -0.24896 0.56947 0.077136
2.7635 -0.30294 0.54526 -0.045582 -0.44328 0.16786 0.039977 -0.0030494
-3.0459 1.5133 -17.623 0.50241 1.7984 -0.22341 -1.1044 -0.031567
-5.3036 -6.9156 85.764 -0.8316 -4.233 -0.89513 6.1965 -0.80606
-3.6941 -4.9013 27.834 -0.61206 -3.1897 -0.62256 2.0242 -0.2639
-2.8213 -5.4842 7.0138 -0.73963 -3.4459 -0.57218 0.55187 -0.063605
1.7016 -5.4796 -34.301 -0.90046 -2.7882 -0.13984 -2.4391 0.29493
6.944 -3.663 -22.059 -0.79363 -0.88004 0.45691 -1.6433 0.14568
19.362 1.268 35.136 -0.32248 4.4496 2.0482 1.8782 -0.73491
-27.685 -0.80172 1.9272 1.1627 -3.8705 -2.202 0.13654 -0.0474
20.647 1.4174 -43.559 -0.32714 4.7806 2.1997 -2.4358 0.90958
11.464 -2.091 18.641 -0.67197 0.94019 0.98708 1.5411 -0.020892
3.3226 -2.6486 9.391 -0.50878 -0.852 0.16878 0.74307 -0.045915
0.53162 -4.1509 2.3588 -0.64929 -2.1741 -0.17923 0.22977 -0.0010024
