0 0 0 0 0 0 0 0 
0 0 0 0 0 0 0 0 
0 0 0 0 0 0 0 0 
0 0 0 0 0 0 0 0 
0 0 0 0 0 0 0 0
9.3609	-3.6522	-12.288	-0.84965	-0.082722	0.64244	-0.98648	0.16076
8.4402	-3.5622	-30.534	-0.77602	0.2694	0.56813	-2.4311	0.41765
-5.5798	1.1101	7.3478	0.51493	0.50592	-0.49143	0.46091	0.017958
6.7613	-2.4316	0.39845	-0.55362	-2.1915	0.39916	0.032846	-0.0050006
-5.6318	1.1276	-7.5453	0.51921	0.5141	-0.49502	-0.47972	-0.015914
10.526	-4.3603	32.65	-0.9634	0.20277	0.71196	2.6144	-0.44091
7.1282	-2.7297	10.482	-0.64266	-0.062322	0.48843	0.84881	-0.13505
0	0	0	0	0	0	0	0
9.7652	-3.6964	-2.5738	-0.88263	-0.13501	0.67569	-0.29168	0.00079169
10.009	-4.1103	-0.30746	-0.93239	-0.14865	0.70224	-0.27232	-0.091906
-11.254	-0.27776	30.456	0.64879	-0.88461	-0.67497	1.6408	-0.70026
-13.416	1.8155	-1.3622	0.94913	-0.64891	-0.85639	-0.10359	0.020232
-10.446	-0.58391	-29.174	0.5752	-0.85546	-0.61951	-1.545	0.68217
10.945	-4.4886	2.0158	-1.0185	-0.17595	0.76719	0.42705	0.075194
6.2251	-2.4058	2.7383	-0.56641	-0.086376	0.43168	0.29297	-0.0082057
0	0	0	0	0	0	0	0
-0.4881	-0.063532	0.027142	0.0083369	-0.099593	-0.047567	0.0020635	-0.0003602
0	0	0	0	0	0	0	0
0 0 0 0 0 0 0 0 
0 0 0 0 0 0 0 0 
0 0 0 0 0 0 0 0 
0 0 0 0 0 0 0 0 
0 0 0 0 0 0 0 0 
 
