-5.0667 -5.1424 -7.8166 -0.5487 -2.862 -0.74241 -0.64412 0.097678
-13.532 -8.7032 -32.249 -0.72591 -5.1676 -1.6998 -2.5783 0.43813
0.98524 2.4556 7.2001 0.47286 2.051 0.17563 0.45092 0.020082
3.1595 -3.5884 0.58575 -0.59029 -3.2144 0.0099109 0.047484 -0.0073196
1.0634 2.4704 -8.104 0.47212 2.0774 0.18365 -0.52406 -0.0089404
-13.888 -10.07 37.391 -0.90739 -5.8345 -1.8084 3.0006 -0.49888
13.002 -2.4621 -1.3426 -0.81995 0.88414 1.0365 -0.17991 -0.010453
39.007 -1.5197 -2.7336 -1.5974 5.2657 3.4628 -0.46035 -0.059905
-4.3208 0.72195 30.148 0.544 0.56845 0.0059807 1.6151 -0.6972
-38.585 -1.1903 -0.19318 1.4182 -5.6667 -3.2945 -0.017362 0.0040188
-2.2339 0.44049 -29.67 0.42854 0.80113 0.17859 -1.5789 0.69026
38.144 -2.2954 1.8199 -1.676 4.8049 3.3433 0.42524 0.080917
0 0 0 0 0 0 0 0
0 0 0 0 0 0 0 0
0 0 0 0 0 0 0 0
0 0 0 0 0 0 0 0
0 0 0 0 0 0 0 0
0 0 0 0 0 0 0 0