multipoles:Ex, Ey, Ez, U1, U2, U3
1.8163e-013 1.8163e-013 1.8163e-013 1.8163e-013 1.8163e-013
6.6419 6.6419 6.6419 6.6419 6.6419
10.344 10.344 10.344 10.344 10.344
-5.5735 -5.5735 -5.5735 -5.5735 -5.5735
6.5145 6.5145 6.5145 6.5145 6.5145
-5.7294 -5.7294 -5.7294 -5.7294 -5.7294
10.43 10.43 10.43 10.43 10.43
7.3313 7.3313 7.3313 7.3313 7.3313
3.3834 3.3834 3.3834 3.3834 3.3834
0 0 0 0 0
0 0 0 0 0
0 0 0 0 0
6.6312 6.6312 6.6312 6.6312 6.6312
10.429 10.429 10.429 10.429 10.429
-10.205 -10.205 -10.205 -10.205 -10.205
-13.602 -13.602 -13.602 -13.602 -13.602
-10.204 -10.204 -10.204 -10.204 -10.204
10.698 10.698 10.698 10.698 10.698
6.2469 6.2469 6.2469 6.2469 6.2469
3.7598 3.7598 3.7598 3.7598 3.7598
0 0 0 0 0
0 0 0 0 0
-0.47907 -0.47907 -0.47907 -0.47907 -0.47907
-6.3949e-014 -6.3949e-014 -6.3949e-014 -6.3949e-014 -6.3949e-014
-2.7853 -2.7853 -2.7853 -2.7853 -2.7853
-4.5692 -4.5692 -4.5692 -4.5692 -4.5692
1.2349 1.2349 1.2349 1.2349 1.2349
-2.5307 -2.5307 -2.5307 -2.5307 -2.5307
1.2829 1.2829 1.2829 1.2829 1.2829
-4.5679 -4.5679 -4.5679 -4.5679 -4.5679
-2.9902 -2.9902 -2.9902 -2.9902 -2.9902
-1.4471 -1.4471 -1.4471 -1.4471 -1.4471
0 0 0 0 0
0 0 0 0 0
0 0 0 0 0
-2.7111 -2.7111 -2.7111 -2.7111 -2.7111
-4.6344 -4.6344 -4.6344 -4.6344 -4.6344
-0.51776 -0.51776 -0.51776 -0.51776 -0.51776
2.0129 2.0129 2.0129 2.0129 2.0129
-0.51509 -0.51509 -0.51509 -0.51509 -0.51509
-4.7109 -4.7109 -4.7109 -4.7109 -4.7109
-2.5964 -2.5964 -2.5964 -2.5964 -2.5964
-1.52 -1.52 -1.52 -1.52 -1.52
0 0 0 0 0
0 0 0 0 0
-0.070508 -0.070508 -0.070508 -0.070508 -0.070508
-1.1519e-015 -1.1519e-015 -1.1519e-015 -1.1519e-015 -1.1519e-015
0.23251 0.23251 0.23251 0.23251 0.23251
0.89705 0.89705 0.89705 0.89705 0.89705
3.3979 3.3979 3.3979 3.3979 3.3979
0.012072 0.012072 0.012072 0.012072 0.012072
-3.4024 -3.4024 -3.4024 -3.4024 -3.4024
-0.87591 -0.87591 -0.87591 -0.87591 -0.87591
-0.21779 -0.21779 -0.21779 -0.21779 -0.21779
-0.076869 -0.076869 -0.076869 -0.076869 -0.076869
0 0 0 0 0
0 0 0 0 0
0 0 0 0 0
0.15574 0.15574 0.15574 0.15574 0.15574
0.39768 0.39768 0.39768 0.39768 0.39768
0.63592 0.63592 0.63592 0.63592 0.63592
-0.0072615 -0.0072615 -0.0072615 -0.0072615 -0.0072615
-0.62738 -0.62738 -0.62738 -0.62738 -0.62738
-0.37613 -0.37613 -0.37613 -0.37613 -0.37613
-0.14366 -0.14366 -0.14366 -0.14366 -0.14366
-0.059122 -0.059122 -0.059122 -0.059122 -0.059122
0 0 0 0 0
0 0 0 0 0
0.00018189 0.00018189 0.00018189 0.00018189 0.00018189
-1.632e-014 -1.632e-014 -1.632e-014 -1.632e-014 -1.632e-014
-0.62698 -0.62698 -0.62698 -0.62698 -0.62698
-0.98398 -0.98398 -0.98398 -0.98398 -0.98398
0.53211 0.53211 0.53211 0.53211 0.53211
-0.55382 -0.55382 -0.55382 -0.55382 -0.55382
0.54555 0.54555 0.54555 0.54555 0.54555
-0.98906 -0.98906 -0.98906 -0.98906 -0.98906
-0.68596 -0.68596 -0.68596 -0.68596 -0.68596
-0.32216 -0.32216 -0.32216 -0.32216 -0.32216
0 0 0 0 0
0 0 0 0 0
0 0 0 0 0
-0.62461 -0.62461 -0.62461 -0.62461 -0.62461
-1.0139 -1.0139 -1.0139 -1.0139 -1.0139
0.57644 0.57644 0.57644 0.57644 0.57644
0.9918 0.9918 0.9918 0.9918 0.9918
0.57654 0.57654 0.57654 0.57654 0.57654
-1.0366 -1.0366 -1.0366 -1.0366 -1.0366
-0.59172 -0.59172 -0.59172 -0.59172 -0.59172
-0.35253 -0.35253 -0.35253 -0.35253 -0.35253
0 0 0 0 0
0 0 0 0 0
0.007065 0.007065 0.007065 0.007065 0.007065
-2.1649e-015 -2.1649e-015 -2.1649e-015 -2.1649e-015 -2.1649e-015
-0.099627 -0.099627 -0.099627 -0.099627 -0.099627
0.12198 0.12198 0.12198 0.12198 0.12198
0.54443 0.54443 0.54443 0.54443 0.54443
-2.1347 -2.1347 -2.1347 -2.1347 -2.1347
0.54271 0.54271 0.54271 0.54271 0.54271
0.14752 0.14752 0.14752 0.14752 0.14752
-0.1087 -0.1087 -0.1087 -0.1087 -0.1087
-0.077663 -0.077663 -0.077663 -0.077663 -0.077663
0 0 0 0 0
0 0 0 0 0
0 0 0 0 0
-0.13424 -0.13424 -0.13424 -0.13424 -0.13424
-0.24512 -0.24512 -0.24512 -0.24512 -0.24512
-0.83953 -0.83953 -0.83953 -0.83953 -0.83953
-0.61011 -0.61011 -0.61011 -0.61011 -0.61011
-0.84015 -0.84015 -0.84015 -0.84015 -0.84015
-0.24296 -0.24296 -0.24296 -0.24296 -0.24296
-0.1312 -0.1312 -0.1312 -0.1312 -0.1312
-0.081994 -0.081994 -0.081994 -0.081994 -0.081994
0 0 0 0 0
0 0 0 0 0
-0.10229 -0.10229 -0.10229 -0.10229 -0.10229
1.2129e-014 1.2129e-014 1.2129e-014 1.2129e-014 1.2129e-014
0.45617 0.45617 0.45617 0.45617 0.45617
0.69934 0.69934 0.69934 0.69934 0.69934
-0.49406 -0.49406 -0.49406 -0.49406 -0.49406
0.38083 0.38083 0.38083 0.38083 0.38083
-0.50445 -0.50445 -0.50445 -0.50445 -0.50445
0.70456 0.70456 0.70456 0.70456 0.70456
0.50292 0.50292 0.50292 0.50292 0.50292
0.2336 0.2336 0.2336 0.2336 0.2336
0 0 0 0 0
0 0 0 0 0
0 0 0 0 0
0.46016 0.46016 0.46016 0.46016 0.46016
0.73321 0.73321 0.73321 0.73321 0.73321
-0.60972 -0.60972 -0.60972 -0.60972 -0.60972
-0.87193 -0.87193 -0.87193 -0.87193 -0.87193
-0.60962 -0.60962 -0.60962 -0.60962 -0.60962
0.75136 0.75136 0.75136 0.75136 0.75136
0.43414 0.43414 0.43414 0.43414 0.43414
0.26024 0.26024 0.26024 0.26024 0.26024
0 0 0 0 0
0 0 0 0 0
-0.048051 -0.048051 -0.048051 -0.048051 -0.048051
0 0 0 0 0
0 0 0 0 0
0 0 0 0 0
0 0 0 0 0
0 0 0 0 0
0 0 0 0 0
0 0 0 0 0
0 0 0 0 0
0 0 0 0 0
0 0 0 0 0
0 0 0 0 0
0 0 0 0 0
0 0 0 0 0
0 0 0 0 0
0 0 0 0 0
0 0 0 0 0
0 0 0 0 0
0 0 0 0 0
0 0 0 0 0
0 0 0 0 0
0 0 0 0 0
0 0 0 0 0
0 0 0 0 0
0 0 0 0 0
0 0 0 0 0
0 0 0 0 0
0 0 0 0 0
0 0 0 0 0
0 0 0 0 0
0 0 0 0 0
0 0 0 0 0
0 0 0 0 0
0 0 0 0 0
0 0 0 0 0
0 0 0 0 0
0 0 0 0 0
0 0 0 0 0
0 0 0 0 0
0 0 0 0 0
0 0 0 0 0
0 0 0 0 0
0 0 0 0 0
0 0 0 0 0
0 0 0 0 0
0 0 0 0 0
0 0 0 0 0
1 2 3 4 5
