-18.914 -75.179 16.124 -7.7558 -30.254 -5.0151 2.8509 -0.15186 -2.0138 79.443 271.87 9.5025 29.092 3.499 21.714 -2.5544
-2.1165 11.658 1.0604 1.5766 5.5711 0.27301 -0.34206 0.15392 0.81666 -11.863 -39.804 -1.4399 -4.3326 -0.45473 -3.1775 0.35146
2.503 -2.9399 8.0683 -0.35606 -1.4916 0.023621 0.65364 -0.074361 0.10175 1.7806 4.0817 0.16439 0.48958 0.073885 0.34931 -0.046087
-4.6206 8.5973 -24.586 1.4644 5.0874 -0.098274 -1.6845 -0.07248 2.1111 -8.6189 -30.452 -1.2364 -4.0011 -0.16453 -2.2662 0.15842
-0.043179 -4.3323 11.246 -0.50763 -1.6568 -0.17982 0.9349 -0.085835 -3.8965 4.9124 15.889 0.87313 2.6597 -0.17981 1.108 0.03835
-0.14251 1.0315 0.14672 0.09308 0.25376 0.014083 -0.02721 -0.0067382 3.0144 -2.3165 -6.1313 -0.31098 -1.2131 0.10101 -0.49842 0.046728
-0.83879 -16.421 45.328 -1.7163 -5.2155 -0.76633 3.883 -0.45093 -3.1015 17.271 23.422 2.101 6.2226 0.40847 2.4255 -0.45708
9.4979 97.787 -277.35 10.153 32.027 5.1157 -23.581 2.8525 -10.606 -100.99 -153.92 -10.231 -31.768 -5.3096 -14.334 1.8644
53.224 196.83 -487.37 18.739 70.074 13.27 -42.452 4.9225 -7.6567 -213.96 -675.95 -22.96 -68.844 -10.138 -55.908 7.0512
8.3552 -95.407 295.49 -10.284 -28.133 -3.0564 24.241 -3.4309 2.1576 91.335 261.59 9.2197 26.285 3.9359 22.271 -2.8003
-29.965 49.564 -127.52 6.5722 11.544 -0.39522 -11.294 1.1418 4.6887 -46.393 -120.14 -4.7207 -11.717 -1.2981 -10.644 1.1573
59.108 -164.65 314.89 -18.561 -38.509 -0.26692 31.308 -1.5551 -50.307 162.09 385.37 17.731 36.209 1.0059 35.59 -2.8617
-7.4277 48.302 -74.294 4.802 12.1 0.83212 -7.6165 0.43758 37.829 -59.426 -141.96 -7.658 -12.607 1.3753 -13.367 0.56557
0.19041 -25.059 39.542 -2.4487 -7.3591 -0.85048 3.8702 -0.30668 -33.025 31.361 100.32 5.0191 6.4707 -1.3551 8.3755 -0.85738
6.9169 41.861 -63.294 3.9615 14.199 2.2208 -6.0447 0.58695 23.533 -53.52 -224.69 -6.8722 -14.668 0.009697 -17.235 2.5544
-29.036 -131.85 317.45 -13.056 -47.19 -8.3999 27.394 -3.3498 22.855 133.78 457.59 13.576 45.177 8.0464 37.73 -4.6874
-0.032875 -0.25624 1.204 -0.030497 -0.096653 -0.016328 0.096235 -0.012379 0.035524 0.056714 -0.20395 -0.0043143 -0.021596 0.0031919 -0.0093059 -0.00091562
0 0 0 0 0 0 0 0 0 0 0 0 0 0 0 0 
