-0.98535 -0.96517 -7.1066 -0.075421 0.031761 -0.15659 -0.81732 0.016665
-1.9176 -1.3605 -9.2821 -0.10616 0.1688 -0.3147 -1.1271 0.05432
-1.7609 -1.5205 10.695 -0.11923 -0.027684 -0.36341 0.82919 0.17115
4.6151 -1.0931 -0.023181 -0.084485 -1.5236 0.48269 -0.0010998 0.00083107
-1.7319 -1.5464 -10.09 -0.12041 0.00036099 -0.3593 -0.76125 -0.17213
-1.9915 -1.3855 8.9779 -0.10941 0.12742 -0.32544 1.1 -0.055628
-0.90364 -0.92349 7.5521 -0.073059 0.012452 -0.1446 0.86396 -0.016398
0.97198 -0.95971 -7.1135 -0.074464 0.034649 0.15477 -0.81829 -0.013211
1.9533 -1.3478 -9.5588 -0.10407 0.17704 0.32008 -1.1563 -0.049386
1.7473 -1.5086 10.79 -0.11711 -0.019958 0.36157 0.83882 -0.17504
-4.6284 -1.1099 -0.059306 -0.087584 -1.5343 -0.48416 -0.0036987 -0.00041628
1.7618 -1.5332 -10.004 -0.1182 0.0096406 0.36387 -0.75343 0.17592
1.9578 -1.3746 8.9597 -0.10746 0.13245 0.32053 1.0972 0.050875
0.87152 -0.91919 7.3904 -0.07223 0.015212 0.13989 0.84685 0.012811
-0.001832 -0.38536 0.02958 -0.06586 -0.21805 -9.7771e-005 0.0036699 5.3246e-005
 0 0 0 0 0 0 0 0
0 0 0 0 0 0 0 0
0 0 0 0 0 0 0 0