-0.50485 -0.5103 -1.4422 -0.040099 -0.0012777 -0.076349 -0.18784 0.0026867
-1.0015 -0.70489 -2.5833 -0.055248 0.044901 -0.15222 -0.33566 0.0065602
-1.9023 -1.0667 -4.2608 -0.083307 0.18695 -0.29419 -0.57461 0.020722
-3.6726 -1.4711 -2.2618 -0.11386 0.41432 -0.58941 -0.47461 0.078242
2.7632 -1.156 9.1718 -0.090637 -1.2106 0.2357 0.78014 0.13878
2.8051 -1.1241 -9.2132 -0.088843 -1.2287 0.24114 -0.78465 -0.13614
-3.7337 -1.4879 2.2836 -0.11481 0.42794 -0.59796 0.47877 -0.083325
-2.0708 -1.0866 4.094 -0.084381 0.19499 -0.31791 0.55763 -0.02338
-0.82759 -0.71957 2.4744 -0.056204 0.046807 -0.12711 0.3241 -0.0077747
-0.64034 -0.51402 1.5078 -0.040197 0.00018698 -0.095881 0.19483 -0.0033344
0.46633 -0.50765 -1.3907 -0.040194 0.0018375 0.070802 -0.18258 -0.0022467
0.91188 -0.70358 -2.6143 -0.055758 0.04791 0.13925 -0.33956 -0.0058783
1.8874 -1.0595 -4.1953 -0.08395 0.19722 0.29182 -0.56862 -0.019357
3.7184 -1.4548 -1.9737 -0.11501 0.43225 0.59576 -0.44605 -0.077105
-2.7643 -1.1646 9.0297 -0.090232 -1.2185 -0.23483 0.76486 -0.14065
-2.8291 -1.1319 -9.1467 -0.088302 -1.2369 -0.24466 -0.7755 0.13836
3.7899 -1.4743 2.0907 -0.11624 0.43892 0.60633 0.45604 0.082655
2.0626 -1.0797 4.2589 -0.085139 0.20858 0.31719 0.57462 0.022165
0.80682 -0.71883 2.5936 -0.056661 0.050641 0.12446 0.33663 0.0071117
0.56063 -0.51298 1.6854 -0.04049 0.0048299 0.084679 0.21366 0.0029342
-0.0023178 -0.35869 -0.010451 -0.063942 -0.25256 -0.00019777 -0.00099179 6.7376e-005
