-0.79268 -0.3571 -2.1244 -0.028193 -0.10105 -0.11255 -0.27726 0.0063906
-1.6553 -0.53232 -3.763 -0.042006 -0.15078 -0.23553 -0.4892 0.014264
-3.6434 -0.89551 -5.572 -0.070429 -0.045405 -0.52215 -0.74465 0.036335
-6.7475 -1.7451 0.13069 -0.13628 0.75375 -0.9954 -0.1913 0.10234
4.9333 -1.0986 6.4297 -0.085674 -1.6047 0.51982 0.48308 0.12102
0.54619 -1.2561 -7.1257 -0.098069 -0.96582 -0.050778 -0.55421 -0.11938
-3.3776 -1.8221 17.963 -0.14207 2.1116 -0.4777 2.1157 -0.001833
0.73484 -0.35415 -2.1658 -0.027898 -0.1034 0.1049 -0.28184 -0.0054124
1.5883 -0.53728 -3.605 -0.042247 -0.13376 0.22684 -0.47086 -0.012707
3.5871 -0.89467 -5.471 -0.070044 -0.030215 0.51511 -0.73252 -0.034096
6.8047 -1.7334 0.098164 -0.13477 0.76116 1.0033 -0.19375 -0.10218
-4.9418 -1.1034 6.415 -0.086393 -1.6111 -0.52103 0.48066 -0.12265
-0.56889 -1.2531 -7.1809 -0.097811 -0.97015 0.048522 -0.56042 0.12132
3.4506 -1.8477 18.575 -0.14375 2.1685 0.48538 2.1859 -0.0047026
-0.0024 -0.37139 -0.20358 -0.064999 -0.28742 -0.00017071 -0.021249 2.3589e-005
0 0 0 0 0 0 0 0
0 0 0 0 0 0 0 0
0 0 0 0 0 0 0 0