-0.79243 -0.35707 -2.1244 -0.028193 -0.10105 -0.11252 -0.27726 0.0063853
-1.6551 -0.53231 -3.762 -0.042008 -0.15072 -0.23551 -0.48909 0.014256
-3.6429 -0.89544 -5.5708 -0.070427 -0.045304 -0.52209 -0.74453 0.03632
-6.7471 -1.7449 0.13081 -0.13627 0.75403 -0.99535 -0.19132 0.10233
4.933 -1.0988 6.429 -0.085699 -1.6049 0.51978 0.48303 0.12103
0.54631 -1.2562 -7.1258 -0.098077 -0.96581 -0.05077 -0.55422 -0.11939
-3.3778 -1.8219 17.963 -0.14204 2.1117 -0.4777 2.1157 -0.0018081
0.73495 -0.35414 -2.1659 -0.027899 -0.10346 0.10491 -0.28185 -0.0054145
1.5882 -0.53728 -3.6051 -0.042249 -0.13386 0.22682 -0.47087 -0.012709
3.5867 -0.89465 -5.4715 -0.070044 -0.030419 0.51507 -0.73258 -0.034094
6.8047 -1.7334 0.098311 -0.13477 0.76105 1.0033 -0.19371 -0.10217
-4.9419 -1.1035 6.4146 -0.086407 -1.611 -0.52104 0.48061 -0.12266
-0.56875 -1.2532 -7.181 -0.097823 -0.97017 0.048535 -0.56043 0.12131
3.4498 -1.8477 18.575 -0.14373 2.1685 0.4853 2.1859 -0.0046625
-0.0023938 -0.37141 -0.20363 -0.065002 -0.28742 -0.00017134 -0.021255 2.224e-005
 0 0 0 0 0 0 0 0
0 0 0 0 0 0 0 0
0 0 0 0 0 0 0 0