-1.3239e-014 -3.8081e-014 -4.6393e-014 4.7332e-030 5.6483e-015 7.4942e-030 -1.0354e-030 -1.1044e-029 -7.9936e-015 1.954e-014 -3.697e-014 5.5511e-016 -8.6597e-015 -9.4369e-016 0 0
-0.096081 -0.6672 0.59773 1.5225e-016 0.25032 -1.2124e-016 -7.5752e-018 3.4514e-016 0.33668 -0.19729 -0.34042 -0.068573 -0.19704 0.0089412 0 0
0.99039 -0.70219 4.5428 -7.4793e-016 1.154 1.9776e-016 7.9375e-017 -1.8487e-017 -0.12571 -0.57464 -0.049629 -0.077506 -0.32373 -0.031977 0 0
0.99138 -0.17861 0.46171 3.5204e-017 -0.83845 -6.2912e-017 7.4208e-018 2.4509e-016 -0.00063542 -0.55483 0.46942 -0.052099 -0.11271 -0.019368 0 0
1.071 -3.812 -11.154 6.5187e-016 2.2519 8.2427e-016 -2.3829e-016 -3.5779e-015 -2.6938 3.6583 -6.7832 0.15838 -1.2921 -0.19739 0 0
0.049295 1.0004 1.4091 -6.3719e-016 -0.16934 7.7839e-016 1.4136e-016 -1.1138e-015 -1.5922 -0.98619 5.8886 0.16881 1.2283 -0.1967 0 0
0.0045767 0.10898 0.023543 1.3571e-015 -0.01108 -1.0928e-015 -7.4842e-017 2.4956e-015 2.1098 -1.2091 0.084502 -0.15304 -0.96872 0.060204 0 0
-0.37376 -0.83574 -0.48271 -5.0566e-015 -0.030969 3.8922e-015 1.8891e-016 -8.7899e-015 -8.4105 2.5684 -5.2036 0.77968 1.1607 -0.71521 0 0
0.41087 1.4164 1.0874 7.8651e-015 -0.049629 -7.1548e-015 -4.4142e-016 1.6017e-014 14.209 -7.0361 0.21297 -1.368 -0.42892 1.0337 0 0
-2.9837e-016 -2.1649e-015 -2.3453e-015 -4.7332e-030 4.0246e-016 3.9443e-030 2.7117e-031 -1.0255e-029 -9.77e-015 5.107e-015 -3.1086e-015 4.4409e-016 -1.1102e-016 -5.8287e-016 0 0
-9.0206e-017 2.498e-016 -2.0921e-015 7.8886e-031 1.1796e-016 -2.9582e-031 -1.0477e-031 5.9165e-031 1.1102e-015 -3.3307e-016 -2.2343e-015 -8.3267e-017 -4.3021e-016 6.9389e-017 0 0
4.1633e-017 -3.6082e-016 -4.545e-016 -9.8608e-032 -2.4113e-016 7.8886e-031 6.163e-033 -1.3805e-030 -5.5511e-016 1.2768e-015 2.3315e-015 -2.7756e-017 4.2327e-016 -4.1633e-017 0 0
-0.4165 -0.60804 0.40579 3.6533e-016 -0.013254 -2.6648e-016 -1.6633e-017 6.974e-016 0.66309 -0.34715 -0.097349 -0.090848 -0.14446 0.031404 0 0
-1.5046 -1.7321 1.271 -1.079e-015 -0.35023 1.0793e-015 8.0208e-017 -2.0324e-015 -1.7393 0.59334 0.035714 0.10639 -0.098162 -0.17764 0 0
-3.1894 -3.6756 -0.92365 -2.2127e-015 -0.92817 2.5855e-015 1.1992e-016 -5.4203e-015 -4.6451 2.1806 -0.82289 0.33955 -0.22063 -0.42685 0 0
-0.54627 -0.79354 -1.3051 2.971e-015 0.013694 -2.29e-015 -1.8403e-016 5.0046e-015 4.6032 -1.8543 -0.42271 -0.47778 -0.46555 0.32181 0 0
-0.097515 0.83146 0.16859 7.2146e-015 -0.1011 -6.1006e-015 -3.8258e-016 1.3947e-014 11.773 -7.2297 1.954 -1.2785 -0.98303 0.90641 0 0
-0.2177 -0.79067 -0.22923 -1.2505e-014 -0.020385 1.1096e-014 6.8504e-016 -2.3798e-014 -24.192 4.7071 -0.54027 1.834 -0.56112 -1.6091 0 0
0.82879 2.0937 1.0525 9.2693e-015 0.063421 -8.4013e-015 -5.2662e-016 1.8936e-014 16.157 -9.3771 0.29815 -1.6744 -1.0446 1.2493 0 0
0.65151 1.921 1.1804 1.0556e-014 -0.0058868 -9.4736e-015 -5.8106e-016 2.1155e-014 18.925 -8.9252 0.97324 -1.8097 -0.75695 1.4021 0 0
0 0 0 0 0 0 0 0 0 0 0 0 0 0 0 0
0 0 0 0 0 0 0 0 0 0 0 0 0 0 0 0
-0.0049035 0.021311 0.018178 -4.108e-017 -0.005114 4.6633e-017 2.2633e-018 -6.1912e-017 -0.17174 -0.18273 0.025371 -0.019686 -0.11278 -0.026478 0 0
