6.9783 -2.9119 -10.937 -0.65765 -0.095008 0.47936 -0.90317 0.14449 6.9783 -2.9119 -10.937 -0.65765 -0.095008 0.47936 -0.90317 0.14449
11.361 -4.9526 -33.582 -1.0768 0.1364 0.7695 -2.7574 0.45968 11.361 -4.9526 -33.582 -1.0768 0.1364 0.7695 -2.7574 0.45968
-5.8144 1.3231 7.8659 0.55393 0.54343 -0.51062 0.51747 0.012009 -5.8144 1.3231 7.8659 0.55393 0.54343 -0.51062 0.51747 0.012009
6.5127 -2.53 0.090054 -0.55365 -2.1347 0.3807 0.0055975 -0.0013252 6.5127 -2.53 0.090054 -0.55365 -2.1347 0.3807 0.0055975 -0.0013252
-5.4958 1.1975 -7.6271 0.5244 0.54361 -0.48841 -0.49767 -0.015098 -5.4958 1.1975 -7.6271 0.5244 0.54361 -0.48841 -0.49767 -0.015098
9.4592 -4.2021 31.977 -0.90048 0.13379 0.6376 2.6295 -0.43705 9.4592 -4.2021 31.977 -0.90048 0.13379 0.6376 2.6295 -0.43705
7.0043 -2.8671 10.728 -0.65613 -0.11324 0.48036 0.8813 -0.14327 7.0043 -2.8671 10.728 -0.65613 -0.11324 0.48036 0.8813 -0.14327
3.2651 -1.4026 3.8268 -0.31137 -0.079271 0.22544 0.31676 -0.050004 3.2651 -1.4026 3.8268 -0.31137 -0.079271 0.22544 0.31676 -0.050004
6.7637 -2.7599 -2.8058 -0.63663 -0.13336 0.46927 -0.30297 0.0099297 6.7637 -2.7599 -2.8058 -0.63663 -0.13336 0.46927 -0.30297 0.0099297
10.652 -4.7142 -1.5093 -1.034 -0.24565 0.74845 -0.39633 -0.083548 10.652 -4.7142 -1.5093 -1.034 -0.24565 0.74845 -0.39633 -0.083548
-10.632 -0.34544 31.187 0.61609 -0.85609 -0.63943 1.7467 -0.71861 -10.632 -0.34544 31.187 0.61609 -0.85609 -0.63943 1.7467 -0.71861
-13.555 1.9949 -2.0124 0.98748 -0.60918 -0.86868 -0.1427 0.034624 -13.555 1.9949 -2.0124 0.98748 -0.60918 -0.86868 -0.1427 0.034624
-9.8298 -0.6672 -29.117 0.54175 -0.82451 -0.58358 -1.5931 0.6861 -9.8298 -0.6672 -29.117 0.54175 -0.82451 -0.58358 -1.5931 0.6861
10.517 -4.6468 0.12104 -1.0204 -0.24184 0.73899 0.28353 0.10232 10.517 -4.6468 0.12104 -1.0204 -0.24184 0.73899 0.28353 0.10232
6.1267 -2.5522 2.4818 -0.58081 -0.13196 0.42587 0.27269 -0.0069695 6.1267 -2.5522 2.4818 -0.58081 -0.13196 0.42587 0.27269 -0.0069695
3.6956 -1.4961 1.6743 -0.34669 -0.082615 0.25582 0.15778 -0.014548 3.6956 -1.4961 1.6743 -0.34669 -0.082615 0.25582 0.15778 -0.014548
-0.47974 -0.070256 0.023627 0.007126 -0.1023 -0.048097 0.0018389 -0.00032871 -0.47974 -0.070256 0.023627 0.007126 -0.1023 -0.048097 0.0018389 -0.00032871
 0 0 0 0 0 0 0 0 0 0 0 0 0 0 0 0