9.0383e-016 9.0383e-016 9.0383e-016 9.0383e-016 9.0383e-016
-0.044339 -0.044339 -0.044339 -0.044339 -0.044339
-0.072965 -0.072965 -0.072965 -0.072965 -0.072965
-0.098368 -0.098368 -0.098368 -0.098368 -0.098368
-0.079282 -0.079282 -0.079282 -0.079282 -0.079282
-0.10009 -0.10009 -0.10009 -0.10009 -0.10009
0.92802 0.92802 0.92802 0.92802 0.92802
1.0053 1.0053 1.0053 1.0053 1.0053
0.85419 0.85419 0.85419 0.85419 0.85419
0 0 0 0 0
0 0 0 0 0
0 0 0 0 0
-0.050514 -0.050514 -0.050514 -0.050514 -0.050514
-0.075651 -0.075651 -0.075651 -0.075651 -0.075651
-0.13678 -0.13678 -0.13678 -0.13678 -0.13678
-0.10423 -0.10423 -0.10423 -0.10423 -0.10423
-0.38945 -0.38945 -0.38945 -0.38945 -0.38945
-1.2509 -1.2509 -1.2509 -1.2509 -1.2509
-2.7395 -2.7395 -2.7395 -2.7395 -2.7395
-1.2698 -1.2698 -1.2698 -1.2698 -1.2698
0 0 0 0 0
0 0 0 0 0
-0.21826 -0.21826 -0.21826 -0.21826 -0.21826
8.307e-016 8.307e-016 8.307e-016 8.307e-016 8.307e-016
-0.07354 -0.07354 -0.07354 -0.07354 -0.07354
-0.12372 -0.12372 -0.12372 -0.12372 -0.12372
-0.19778 -0.19778 -0.19778 -0.19778 -0.19778
-0.16339 -0.16339 -0.16339 -0.16339 -0.16339
-0.51279 -0.51279 -0.51279 -0.51279 -0.51279
-0.77219 -0.77219 -0.77219 -0.77219 -0.77219
-0.40449 -0.40449 -0.40449 -0.40449 -0.40449
-0.95874 -0.95874 -0.95874 -0.95874 -0.95874
0 0 0 0 0
0 0 0 0 0
0 0 0 0 0
-0.074176 -0.074176 -0.074176 -0.074176 -0.074176
-0.11645 -0.11645 -0.11645 -0.11645 -0.11645
-0.20419 -0.20419 -0.20419 -0.20419 -0.20419
-0.15588 -0.15588 -0.15588 -0.15588 -0.15588
-0.56244 -0.56244 -0.56244 -0.56244 -0.56244
-1.4925 -1.4925 -1.4925 -1.4925 -1.4925
-2.7041 -2.7041 -2.7041 -2.7041 -2.7041
-1.5407 -1.5407 -1.5407 -1.5407 -1.5407
0 0 0 0 0
0 0 0 0 0
-0.32589 -0.32589 -0.32589 -0.32589 -0.32589
1.6724e-016 1.6724e-016 1.6724e-016 1.6724e-016 1.6724e-016
0.040091 0.040091 0.040091 0.040091 0.040091
0.063629 0.063629 0.063629 0.063629 0.063629
0.19311 0.19311 0.19311 0.19311 0.19311
0.14213 0.14213 0.14213 0.14213 0.14213
0.97523 0.97523 0.97523 0.97523 0.97523
4.5894 4.5894 4.5894 4.5894 4.5894
0.0081398 0.0081398 0.0081398 0.0081398 0.0081398
-4.8797 -4.8797 -4.8797 -4.8797 -4.8797
0 0 0 0 0
0 0 0 0 0
0 0 0 0 0
0.034613 0.034613 0.034613 0.034613 0.034613
0.053891 0.053891 0.053891 0.053891 0.053891
0.13884 0.13884 0.13884 0.13884 0.13884
0.096366 0.096366 0.096366 0.096366 0.096366
0.49887 0.49887 0.49887 0.49887 0.49887
1.1019 1.1019 1.1019 1.1019 1.1019
-0.13144 -0.13144 -0.13144 -0.13144 -0.13144
-1.2935 -1.2935 -1.2935 -1.2935 -1.2935
0 0 0 0 0
0 0 0 0 0
-0.072859 -0.072859 -0.072859 -0.072859 -0.072859
3.5071e-016 3.5071e-016 3.5071e-016 3.5071e-016 3.5071e-016
-0.0031933 -0.0031933 -0.0031933 -0.0031933 -0.0031933
-0.0021283 -0.0021283 -0.0021283 -0.0021283 -0.0021283
0.011908 0.011908 0.011908 0.011908 0.011908
0.011581 0.011581 0.011581 0.011581 0.011581
0.17751 0.17751 0.17751 0.17751 0.17751
1.1166 1.1166 1.1166 1.1166 1.1166
-0.75424 -0.75424 -0.75424 -0.75424 -0.75424
1.1521 1.1521 1.1521 1.1521 1.1521
0 0 0 0 0
0 0 0 0 0
0 0 0 0 0
-0.0064118 -0.0064118 -0.0064118 -0.0064118 -0.0064118
-0.0067633 -0.0067633 -0.0067633 -0.0067633 -0.0067633
-0.011029 -0.011029 -0.011029 -0.011029 -0.011029
-0.0079614 -0.0079614 -0.0079614 -0.0079614 -0.0079614
-0.023905 -0.023905 -0.023905 -0.023905 -0.023905
-0.24205 -0.24205 -0.24205 -0.24205 -0.24205
-0.92432 -0.92432 -0.92432 -0.92432 -0.92432
-0.23275 -0.23275 -0.23275 -0.23275 -0.23275
0 0 0 0 0
0 0 0 0 0
-0.032199 -0.032199 -0.032199 -0.032199 -0.032199
1 2 3 4 5