9.0383e-016
-0.044339
-0.072965
-0.098368 
-0.079282
-0.10009
0.92802 
1.0053
0.85419
0
0
0
-0.050514
-0.075651
-0.13678
-0.10423
-0.38945
-1.2509
-2.7395
-1.2698
0
0
-0.21826 
8.307e-016 
-0.07354 
-0.12372 
-0.19778 
-0.16339
-0.51279
-0.77219 
-0.40449
-0.95874
0
0
0 
-0.074176
-0.11645
-0.20419
-0.15588
-0.56244
-1.4925
-2.7041
-1.5407
0
0
-0.32589
1.6724e-016
0.040091 
0.063629
0.19311 
0.14213 
0.97523
4.5894
0.0081398 
-4.8797 
0 
0 
0 
0.034613
0.053891 
0.13884
0.096366
0.49887
1.1019 
-0.13144 
-1.2935 
0
0
-0.072859 
3.5071e-016 
-0.0031933 
-0.0021283 
0.011908 
0.011581
0.17751
1.1166
-0.75424
1.1521
0 
0 
0 
-0.0064118 
-0.0067633 
-0.011029 
-0.0079614
-0.023905 
-0.24205
-0.92432
-0.23275
0 
0 
-0.032199 
2