11.163 13.825 14.455 11.837 6.7089 4.3469 5.3471 6.0255 5.5545 4.0354 3.2037 4.8145 5.6976 3.9586 2.5974 2.4904 3.353 4.1142 3.3852 1.8575 1.5713 2.366 2.973 3.2286 2.9063
-5.6396 -8.1051 -11.334 -11.954 -6.6735 1.7886 8.7664 10.061 8.4141 5.9471 5.6123 8.3476 9.1007 6.0848 3.8473 4.02 5.7937 6.7238 5.0571 2.6761 2.3937 3.5991 4.6252 4.9775 4.3588
1.5802 1.6973 1.7131 1.1725 -0.26913 -2.4806 -5.0553 -7.1927 -7.963 -3.5597 6.4829 14.596 13.227 6.8669 3.947 5.6214 8.5575 8.8943 6.3262 4.6539 4.4842 3.8236 4.8377 5.652 4.6591
-4.9601 -2.6705 -0.59176 0.87296 1.6489 1.807 1.7495 1.573 0.77504 -1.2981 -4.3832 -7.1685 -7.4183 -5.2602 -2.1426 1.9813 3.4744 0.96102 -1.6464 -0.29746 6.024 11.334 13.182 12.378 9.696
3.2712 -1.8749 -8.8885 -16.298 -19.615 -16.567 -9.5313 -2.4038 2.3232 5.1944 6.2237 5.9022 3.9188 0.69755 -4.1015 -11.331 -17.642 -18.623 -12.131 -2.533 3.7391 4.302 4.7949 4.2616 2.5517
6.3895 2.557 -0.62888 -1.4496 0.7242 2.6777 0.57825 -3.5264 -6.5676 -7.9757 -6.5252 -3.4339 -0.35561 1.1973 1.6441 1.7221 1.7204 1.3607 0.29309 -1.4988 -3.8155 -6.2509 -9.323 -11.395 -9.8866
3.7853 3.151 3.9596 6.8809 9.5655 8.7421 5.6713 4.9728 8.9547 14.151 12.28 2.8712 -6.6755 -8.7968 -6.9888 -4.5647 -1.98 0.064764 1.2043 1.4628 1.3827 1.4558 1.5032 1.2073 0.50205
2.6284 2.4492 3.9492 6.5225 7.3575 5.7853 4.1836 4.5442 6.9002 8.9373 7.762 5.2751 6.0161 8.8397 10.144 7.5164 -0.43271 -8.7949 -12.52 -10.568 -6.7978 -3.6629 -1.3704 0.22952 1.0807
1.726 1.2225 2.1052 3.8935 4.3116 3.2333 2.3313 2.5222 3.6244 4.3707 3.529 2.9471 4.3456 5.5323 5.562 4.6495 4.0893 6.5823 10.584 11.836 8.302 2.4432 -3.9742 -10.055 -13.006
1.5118 2.1808 3.1276 3.9091 3.6965 2.5932 1.875 2.0554 2.8064 3.1617 2.5537 2.45 3.5933 4.0987 3.7807 3.4271 4.1909 7.1551 9.8727 9.4298 6.5546 4.285 4.3339 7.5892 11.392
0.92483 0.98222 1.5803 2.3111 2.247 1.562 1.1432 1.2725 1.6922 1.8195 1.4513 1.5386 2.2337 2.3332 1.9944 1.8892 2.6829 4.3849 5.3343 4.7687 3.3363 2.0586 2.6336 5.1339 6.9353
11.571 15.366 19.27 18.72 12.461 6.9712 5.7805 6.3206 6.426 4.9693 3.4704 4.2845 4.939 3.5677 2.4249 2.4347 3.5158 4.5192 3.8847 2.1957 1.5878 2.2191 2.8584 3.2145 2.9572
6.6912 12.977 21.208 22.867 15.87 9.9218 9.5415 11.207 11.798 9.2852 6.4382 7.2296 8.2023 6.1789 4.251 4.2422 5.9692 7.1803 5.6346 3.0505 2.4702 3.4443 4.3083 4.6399 4.1075
-20.566 -21.331 -20.957 -16.172 -7.8828 -1.3739 3.816 11.262 16.507 14.132 9.8222 11.991 14.08 10.763 7.9199 8.0304 10.88 12.856 10.49 6.9404 5.0337 4.4497 6.2626 7.9686 7.1618
8.3101 4.984 -1.0645 -9.5907 -16.383 -18.499 -19.05 -19.822 -18.39 -14.11 -11.044 -9.742 -4.4896 3.0487 7.8542 11.008 16.073 18.925 14.223 7.9265 7.2064 9.8216 12.045 12.439 10.345
5.5358 5.0231 6.6562 10.121 10.564 6.4131 2.2588 -1.7988 -8.3511 -13.667 -13.615 -13.542 -12.976 -6.9099 -0.5851 2.9188 6.3735 9.63 9.0706 6.4322 5.279 6.2271 8.8348 10.713 9.4405
8.2351 7.129 10.656 17.854 20.276 15.656 10.933 7.578 2.2814 -4.5995 -9.1341 -11.047 -15.063 -19.192 -19.697 -18.42 -17.518 -14.597 -7.8736 -1.5899 2.4173 8.9292 16.446 20.178 17.533
4.916 6.0773 9.1178 13.325 14.649 11.453 8.1178 8.1425 11.159 13.252 10.795 10.699 16.266 16.265 9.2182 1.9912 -3.0636 -9.8447 -16.908 -19.55 -19.464 -20.128 -20.243 -17.218 -11.694
2.6696 2.6594 4.3346 6.9895 7.6201 5.7753 4.1302 4.3704 6.1299 7.3039 6.1615 6.4409 10.295 12.043 10.717 8.8713 9.8408 15.728 19.87 15.663 9.2742 5.0155 -0.078595 -7.7961 -14.268
1.6819 1.4275 2.6516 4.6069 4.8704 3.563 2.616 2.8596 3.9195 4.49 3.7269 3.815 5.8422 6.6764 6.002 5.494 7.2763 12.364 16.138 14.676 10.664 7.9908 9.0677 14.344 18.173
1.5741 2.1206 3.0666 3.8999 3.6982 2.5972 1.9115 2.1162 2.8429 3.1423 2.5686 2.7712 4.179 4.5154 3.9378 3.6221 4.8733 8.2364 10.578 9.192 6.5092 6.065 8.5207 13.844 17.617
0.91368 0.97416 1.5578 2.2765 2.2082 1.53 1.1201 1.2443 1.6395 1.7451 1.3861 1.5031 2.2093 2.287 1.9202 1.8046 2.5714 4.1764 5.0159 4.4054 3.0785 2.1226 3.0969 5.798 7.5179
-0.27534 -0.24244 -0.21152 -0.21046 -0.23716 -0.27564 -0.28366 -0.25487 -0.28071 -0.38301 -0.4743 -0.46707 -0.35792 -0.27147 -0.26687 -0.29378 -0.2788 -0.25266 -0.25022 -0.28046 -0.30679 -0.28037 -0.25147 -0.2444 -0.24948
-4.9436 -5.674 -5.6928 -4.7196 -3.0245 -2.2912 -2.6481 -2.747 -2.376 -1.7199 -1.387 -1.8626 -2.1604 -1.6256 -1.1785 -1.1174 -1.3663 -1.5825 -1.3357 -0.84281 -0.75684 -1.0101 -1.1761 -1.2212 -1.0989
1.1145 1.7841 2.6133 2.5836 0.67958 -2.2594 -4.588 -4.6965 -3.7439 -2.682 -2.466 -3.2707 -3.5231 -2.5576 -1.7895 -1.8003 -2.3388 -2.5953 -2.037 -1.2612 -1.1676 -1.54 -1.8231 -1.8774 -1.6477
-0.9552 -0.9885 -0.98951 -0.81964 -0.37028 0.31379 1.0564 1.5337 1.4849 -0.16277 -3.3625 -5.838 -5.3721 -3.2295 -2.1695 -2.6856 -3.6116 -3.6547 -2.7903 -2.2285 -2.1083 -1.7895 -2.0435 -2.2473 -1.8945
0.92491 0.27282 -0.32602 -0.75126 -0.97223 -1.0055 -0.98018 -0.92654 -0.67334 -0.038936 0.88169 1.7 1.7507 0.96529 -0.25987 -1.8863 -2.5257 -1.7462 -0.89302 -1.2701 -3.2657 -4.8461 -5.2293 -4.7671 -3.8086
-1.9897 -0.37205 1.9103 4.3684 5.601 4.8046 2.5522 0.1786 -1.3187 -2.1511 -2.4243 -2.3136 -1.719 -0.6985 0.88297 3.2383 5.127 5.2037 2.9866 -0.12781 -2.0886 -2.1172 -2.1706 -1.9276 -1.3414
-3.3751 -2.2433 -1.274 -1.0143 -1.6817 -2.2224 -1.2668 0.38103 1.4877 1.9325 1.4944 0.57169 -0.34974 -0.82573 -0.95642 -0.97235 -0.97667 -0.87975 -0.57736 -0.062201 0.59466 1.2359 2.0384 2.4865 1.8661
-1.9028 -1.743 -2.0422 -3.0043 -3.8994 -3.6561 -2.6313 -2.4598 -3.8863 -5.5826 -5.0282 -2.1272 0.95524 1.8624 1.5245 0.90374 0.14393 -0.47311 -0.81628 -0.89363 -0.86849 -0.89852 -0.91905 -0.83245 -0.62372
-1.2626 -1.2196 -1.709 -2.5393 -2.8232 -2.3443 -1.8621 -2.0434 -2.8346 -3.4331 -3.0553 -2.3468 -2.7373 -3.9077 -4.6752 -3.9929 -1.3404 1.4702 2.823 2.4144 1.3935 0.52561 -0.12039 -0.57623 -0.81728
-0.83501 -0.67281 -0.94642 -1.5184 -1.6608 -1.3309 -1.065 -1.1612 -1.5246 -1.7307 -1.4611 -1.3107 -1.8351 -2.3585 -2.5271 -2.3018 -2.1163 -2.9272 -4.2654 -4.7805 -3.7347 -1.9262 0.11111 2.0748 3.0738
-0.68239 -0.91062 -1.2249 -1.4707 -1.4036 -1.06 -0.84959 -0.93318 -1.1722 -1.2516 -1.0496 -1.0346 -1.4511 -1.7027 -1.6902 -1.6149 -1.865 -2.8271 -3.7422 -3.6885 -2.843 -2.1927 -2.2742 -3.3794 -4.6584
-0.43096 -0.44991 -0.63935 -0.8704 -0.85088 -0.63716 -0.51473 -0.56979 -0.69853 -0.7146 -0.58934 -0.62377 -0.87264 -0.94877 -0.8757 -0.85384 -1.1124 -1.6631 -1.9884 -1.8494 -1.4147 -1.019 -1.2261 -2.0539 -2.6542
-5.1742 -6.2446 -7.2913 -6.9191 -4.8059 -3.0111 -2.6263 -2.7189 -2.5781 -1.956 -1.4269 -1.6706 -1.9049 -1.4875 -1.1062 -1.0808 -1.4041 -1.7006 -1.4853 -0.94077 -0.74828 -0.94877 -1.1289 -1.2093 -1.1088
-4.9912 -6.7081 -8.9437 -9.1298 -6.6789 -4.6631 -4.4605 -4.8013 -4.6786 -3.6118 -2.6294 -2.8664 -3.2166 -2.5899 -1.9275 -1.8608 -2.3672 -2.7095 -2.1914 -1.3549 -1.1679 -1.4673 -1.6993 -1.751 -1.552
2.9851 3.2106 3.1234 1.7292 -0.63319 -2.2829 -3.4914 -5.5869 -6.9419 -5.8556 -4.3999 -5.0599 -5.7669 -4.7076 -3.674 -3.5403 -4.3254 -4.8573 -4.0533 -2.8964 -2.2273 -1.962 -2.4874 -2.9727 -2.6747
-5.3929 -4.5268 -2.8597 -0.40899 1.5052 1.9828 2.0814 2.3768 1.9317 0.58472 -0.26705 -0.53297 -1.9574 -4.0433 -5.1362 -5.6214 -6.8693 -7.5457 -5.9174 -3.8213 -3.5186 -4.2455 -4.7853 -4.7357 -3.9746
-2.6595 -2.554 -3.1291 -4.2823 -4.5021 -3.3287 -2.308 -1.3528 0.54408 2.0611 1.9841 1.992 1.9394 0.17695 -1.627 -2.4314 -3.2689 -4.1481 -3.8843 -2.9845 -2.5404 -2.7589 -3.5003 -3.9951 -3.5244
-3.8872 -3.6037 -4.7944 -7.1666 -8.0681 -6.8467 -5.8122 -5.2929 -3.9577 -2.0328 -0.81475 -0.34291 0.85614 2.1406 2.2919 1.8872 1.709 0.9565 -0.95662 -2.6833 -3.6395 -5.4226 -7.4902 -8.3407 -7.2978
-2.2196 -2.6436 -3.6666 -5.0292 -5.4896 -4.5318 -3.566 -3.7521 -4.8319 -5.4505 -4.6652 -4.689 -6.6264 -6.9374 -4.9962 -3.0309 -1.8495 -0.045931 1.9525 2.6442 2.5448 2.7606 2.8331 1.9466 0.31441
-1.2521 -1.2621 -1.8056 -2.6598 -2.8781 -2.3168 -1.8376 -1.9918 -2.5863 -2.9074 -2.5272 -2.6455 -3.9911 -4.7925 -4.6281 -4.1877 -4.5875 -6.5722 -8.0692 -7.0131 -5.3306 -4.3361 -3.0081 -0.79435 1.0988
-0.80306 -0.72184 -1.1085 -1.7351 -1.8282 -1.4275 -1.1543 -1.2705 -1.61 -1.7439 -1.4849 -1.5324 -2.2513 -2.6516 -2.5646 -2.4627 -3.0623 -4.7257 -6.017 -5.7089 -4.5832 -3.8814 -4.3638 -6.171 -7.5001
-0.70091 -0.8845 -1.1953 -1.4582 -1.3956 -1.0545 -0.85798 -0.95062 -1.1784 -1.235 -1.0388 -1.1147 -1.6141 -1.8114 -1.707 -1.6392 -2.0513 -3.1429 -3.9369 -3.5797 -2.8124 -2.7768 -3.6441 -5.3931 -6.6443
-0.42364 -0.44357 -0.62807 -0.85516 -0.83428 -0.6229 -0.50386 -0.55745 -0.67808 -0.68735 -0.56461 -0.60732 -0.8581 -0.92498 -0.84049 -0.81447 -1.0646 -1.584 -1.8727 -1.7162 -1.3149 -1.0265 -1.366 -2.2543 -2.8234
-0.13046 -0.1401 -0.1485 -0.14745 -0.13672 -0.12215 -0.11993 -0.13331 -0.12795 -0.098165 -0.071113 -0.073133 -0.10496 -0.12986 -0.12776 -0.11637 -0.12192 -0.13185 -0.13422 -0.12522 -0.11682 -0.12687 -0.13632 -0.13872 -0.13706
-80.012 -49.966 -24.812 -11.094 -10.258 -19.513 -22.811 -11.741 -2.6664 -0.6571 -3.8629 -7.4232 -5.5486 -1.8084 -1.055 -2.3633 -2.8537 -1.3763 0.11239 -2.3835 -8.8207 -9.0981 -4.8662 -1.6802 0.039302
15.559 10.234 0.87232 -16.85 -41.294 -61.47 -54.468 -23.107 -5.6042 -3.4246 -8.4631 -12.165 -8.2887 -3.5684 -5.1752 -9.1747 -8.2127 -3.9381 -1.5256 -5.8677 -14.683 -14.731 -8.4178 -3.0581 -0.30529
-1.2018 -0.9301 1.58 5.7486 10.475 13.503 9.6827 -1.4835 -14.19 -26.072 -32.513 -29.53 -16.866 -12.757 -21.661 -26.297 -17.432 -8.1679 -5.5095 -7.0876 0.61501 2.3877 -4.7661 -4.4739 -2.6788
-13.386 -14.905 -12.478 -8.3512 -4.1158 -0.53271 1.8284 3.9381 6.5128 8.4294 8.5736 4.753 -6.6462 -24.339 -41.357 -38.507 -21.437 -17.035 -29.75 -57.193 -75.759 -55.84 -26.561 -9.3183 -3.3513
55.85 62.012 47.759 26.514 2.4761 -22.44 -44.953 -44.608 -28.932 -14.324 -3.5963 6.3052 18.42 33.605 47.172 41.93 18.827 -6.1799 -28.248 -38.818 -21.291 -7.8081 -9.9992 -7.3769 -6.674
59.581 58.936 42.12 23.671 14.838 22.269 40.357 37.526 19.018 3.1023 -5.7925 -9.2174 -8.9383 -6.3801 -3.6553 -1.584 1.08 4.9153 9.1567 12.704 11.661 7.6652 2.1511 -10.763 -27.173
19.842 14.844 8.8568 5.4133 9.9556 21.167 28.853 20.671 13.531 19.052 29.218 33.408 26.597 12.237 -1.2561 -11.192 -12.958 -9.4912 -4.9681 -1.41 -0.3688 -0.37381 1.223 4.5619 7.8585
10.902 7.5289 1.8808 0.76674 4.456 7.9875 7.0525 3.0104 3.0257 7.4165 10.667 9.5388 5.02 9.11 30.577 58.681 57.589 36.051 12.487 -4.2216 -12.522 -15.396 -14.292 -10.191 -6.6089
9.6047 8.5794 2.4979 0.51203 2.4313 3.8473 2.6697 0.80916 1.3359 3.6207 4.4424 2.2414 -0.13367 2.9603 11.84 19.082 14.275 7.9632 11.653 30.235 57.184 70.435 62.235 38.991 19.902
-2.8661 -4.9852 -3.0029 -0.74531 1.5485 2.3662 0.96688 -0.31632 0.45588 2.0741 2.1677 0.25059 -1.2367 0.85765 5.182 7.3649 3.9364 2.033 7.2017 18.413 27.701 26.36 16.965 8.2164 8.6267
1.8852 0.77729 -0.5875 -0.33484 0.90829 1.2764 0.28097 -0.4241 0.15985 1.058 0.85604 -0.46184 -1.1361 0.11276 1.6448 1.3537 -0.50992 -0.44863 2.6525 7.9511 14.823 14.357 6.3423 1.3867 2.5485
-29.708 -31.107 -18.785 -4.9608 1.5808 -3.3324 -9.4827 -5.8568 0.0064558 1.7626 -1.3446 -4.9345 -3.8198 -0.73149 -0.37119 -2.3739 -3.118 -1.3417 0.77496 -0.82279 -7.0068 -8.107 -4.5859 -1.5935 0.15252
36.194 10.596 -3.1752 2.9099 7.5061 -0.5561 -8.653 -3.7795 3.9002 5.679 0.21291 -5.4989 -4.4493 -0.1888 -0.44038 -4.7615 -6.0782 -2.8172 0.035336 -3.3773 -11.632 -12.106 -6.8567 -2.3931 0.095799
2.9881 19.017 25.999 26.961 34.843 47.699 44.637 27.272 21.222 17.229 4.6683 -7.0789 -4.8977 3.6337 4.4037 -3.4428 -7.5867 -3.1191 2.3572 4.1312 7.9671 3.8768 -4.6312 -4.1167 -1.1822
-47.907 -56.308 -44.237 -30.739 -26.305 -22.041 -7.5845 6.9454 12.746 19.016 28.336 33.073 31.215 34.111 35.814 18.063 -0.22154 0.030619 2.9129 -8.3873 -27.186 -27.299 -16.109 -5.641 -0.018273
10.054 5.3703 -1.8279 -4.3959 -1.8476 -6.4448 -22.8 -27.458 -21.02 -16.753 -8.0277 7.2262 16.514 21.234 29.038 24.983 10.789 6.1928 8.1241 7.7009 3.7504 -2.0647 -6.2244 -3.6478 0.19286
25.079 17.847 0.64461 -5.2514 -0.60893 -5.1814 -26.906 -37.202 -31.741 -28.439 -29.429 -26.322 -17.484 -12.288 -6.1766 9.2272 21.725 26.029 32.777 45.759 41.402 17.649 2.3094 3.0408 7.7048
2.9169 -4.3227 -4.6258 -1.5358 6.4321 12.302 8.2448 -0.38223 -0.62901 5.1525 4.3267 -8.6024 -21.177 -22.673 -30.41 -46.424 -44.322 -32.159 -26.536 -23.935 -8.4646 11.642 22.652 25.044 28.082
7.9119 4.8668 -0.011105 -0.3808 3.6071 6.2848 3.8462 -0.04483 0.64658 4.1956 4.3571 -1.5442 -6.8788 -2.7484 5.923 8.0396 -1.5696 -7.584 -3.1365 -5.3597 -31.418 -51.218 -47.313 -33.125 -26.701
7.5909 6.0192 0.56998 -0.43821 1.9789 3.0664 1.1461 -0.63636 0.42445 2.7 2.7208 -0.42205 -2.9675 -0.11529 4.9738 5.6927 0.00070691 -1.7434 5.6931 16.668 22.33 16.027 1.647 -7.4798 -6.3397
-1.5877 -4.3523 -3.0868 -0.96574 1.3098 1.9533 0.32439 -0.84936 0.13546 1.7486 1.5197 -0.86056 -2.3059 0.014196 3.5171 4.0468 0.49808 -0.21498 5.4309 12.647 11.343 4.3113 -1.5665 -3.1843 1.8078
1.5334 0.60669 -0.6597 -0.38335 0.84821 1.1783 0.14744 -0.52903 0.080248 0.95553 0.72077 -0.60375 -1.2655 -0.06704 1.2951 0.87987 -0.85349 -0.67292 2.2817 6.9377 12.385 10.764 3.3402 -0.17148 1.702
-0.17185 -0.48279 -0.41948 -0.12531 0.18703 0.33232 0.089333 -0.15427 -0.077445 0.025111 0.038632 -0.0022706 -0.023912 0.074772 0.080172 -0.21042 -0.33723 -0.13087 0.17235 0.35893 0.086216 -0.31579 -0.39876 -0.18863 0.036432
-1.0894 -1.3297 -1.3742 -1.1255 -0.65614 -0.44454 -0.5419 -0.59819 -0.53745 -0.38468 -0.30485 -0.44797 -0.53276 -0.38059 -0.25819 -0.24698 -0.32318 -0.38961 -0.32202 -0.1826 -0.1575 -0.23103 -0.28391 -0.30401 -0.27363
0.5293 0.74243 1.0163 1.0524 0.55514 -0.23795 -0.89358 -0.99874 -0.81691 -0.57113 -0.53436 -0.77871 -0.85513 -0.58801 -0.38429 -0.39809 -0.55676 -0.63642 -0.48232 -0.26493 -0.24063 -0.35158 -0.44126 -0.46822 -0.41007
-0.10532 -0.11625 -0.11831 -0.070536 0.058281 0.25691 0.48417 0.65952 0.69882 0.27388 -0.63519 -1.366 -1.2559 -0.68112 -0.41158 -0.56533 -0.82987 -0.85246 -0.61535 -0.46418 -0.44838 -0.38129 -0.46853 -0.53841 -0.4459
0.47008 0.26953 0.085967 -0.043604 -0.11225 -0.12537 -0.11933 -0.10331 -0.030808 0.15383 0.42659 0.67334 0.69815 0.49652 0.1903 -0.21538 -0.36498 -0.13984 0.094762 -0.030046 -0.61789 -1.1032 -1.2559 -1.1666 -0.91707
-0.35064 0.12358 0.77231 1.457 1.7797 1.5282 0.89656 0.2407 -0.18884 -0.43954 -0.52738 -0.49838 -0.3246 -0.034578 0.40712 1.0675 1.6236 1.6843 1.0767 0.19214 -0.38777 -0.43221 -0.47104 -0.41802 -0.25977
-0.65791 -0.30717 -0.010697 0.070342 -0.12006 -0.28981 -0.075373 0.3319 0.62245 0.74564 0.6153 0.34135 0.068894 -0.070402 -0.11045 -0.11718 -0.1178 -0.086536 0.0074643 0.16608 0.37054 0.57928 0.84016 1.0074 0.85848
-0.38598 -0.32913 -0.40237 -0.66783 -0.91531 -0.84559 -0.56369 -0.49974 -0.8665 -1.3268 -1.1526 -0.30627 0.56517 0.78394 0.64622 0.44074 0.21149 0.028996 -0.071993 -0.094256 -0.086129 -0.093195 -0.098496 -0.072867 -0.010763
-0.26448 -0.24792 -0.38361 -0.61713 -0.69505 -0.55575 -0.4125 -0.44884 -0.66165 -0.83372 -0.72251 -0.50239 -0.58093 -0.85762 -1.0016 -0.76412 -0.020901 0.75507 1.1084 0.95171 0.62629 0.35408 0.1532 0.012236 -0.062483
-0.17426 -0.12722 -0.20636 -0.36896 -0.40836 -0.31255 -0.23238 -0.25189 -0.35093 -0.41221 -0.33425 -0.28315 -0.41546 -0.5353 -0.55104 -0.47051 -0.41653 -0.64302 -1.0114 -1.1358 -0.81671 -0.27939 0.31274 0.87431 1.1515
-0.14952 -0.21168 -0.29784 -0.36782 -0.349 -0.25018 -0.18643 -0.20454 -0.27124 -0.298 -0.24114 -0.23235 -0.34014 -0.39432 -0.37348 -0.34345 -0.41236 -0.68188 -0.93211 -0.89936 -0.64101 -0.43656 -0.44203 -0.73896 -1.0881
-0.092352 -0.097418 -0.15142 -0.21747 -0.21204 -0.15063 -0.11346 -0.12611 -0.16295 -0.17098 -0.13643 -0.14438 -0.20978 -0.22328 -0.19611 -0.18747 -0.25977 -0.41422 -0.50173 -0.45405 -0.32502 -0.20798 -0.26054 -0.48873 -0.65421
-1.1447 -1.4812 -1.8194 -1.7546 -1.1808 -0.68134 -0.57401 -0.618 -0.61198 -0.46519 -0.32664 -0.40014 -0.46499 -0.34571 -0.24243 -0.24154 -0.3378 -0.42619 -0.36721 -0.21327 -0.15852 -0.21703 -0.27311 -0.3025 -0.27804
-0.82544 -1.3626 -2.0733 -2.1964 -1.5471 -0.99917 -0.95817 -1.0941 -1.119 -0.86631 -0.60549 -0.67875 -0.77626 -0.59996 -0.42413 -0.41919 -0.5723 -0.67737 -0.53438 -0.29863 -0.24682 -0.3364 -0.41143 -0.43701 -0.387
1.5062 1.5778 1.5534 1.1388 0.42107 -0.11952 -0.53282 -1.1651 -1.6001 -1.3495 -0.95632 -1.1532 -1.3549 -1.0626 -0.79779 -0.79449 -1.0427 -1.2124 -0.99378 -0.67175 -0.4958 -0.43653 -0.59668 -0.74669 -0.67101
-0.96442 -0.69722 -0.18991 0.54705 1.1317 1.3 1.3374 1.4109 1.2848 0.90252 0.64526 0.55064 0.11072 -0.53251 -0.91817 -1.1513 -1.5766 -1.8129 -1.3748 -0.79683 -0.72936 -0.96331 -1.1519 -1.1737 -0.9782
-0.56059 -0.5179 -0.66963 -0.9883 -1.0383 -0.67895 -0.33325 -0.0061035 0.55699 1.008 0.99209 0.98846 0.95803 0.43633 -0.10464 -0.38453 -0.67054 -0.94993 -0.8911 -0.6469 -0.53554 -0.61431 -0.84245 -1.0041 -0.88499
-0.82666 -0.72873 -1.0514 -1.7085 -1.9396 -1.5446 -1.16 -0.91442 -0.47759 0.11001 0.48886 0.63936 0.98782 1.3527 1.396 1.283 1.2165 0.97387 0.39346 -0.13834 -0.45259 -1.0026 -1.6484 -1.956 -1.7021
-0.48618 -0.59523 -0.87257 -1.2537 -1.3782 -1.0965 -0.80244 -0.8184 -1.0974 -1.272 -1.0439 -1.0348 -1.5524 -1.5864 -0.9887 -0.38134 0.023091 0.59534 1.2053 1.4237 1.4019 1.4631 1.4803 1.2203 0.73914
-0.26731 -0.26641 -0.4182 -0.6592 -0.71877 -0.55518 -0.4096 -0.4369 -0.59633 -0.69195 -0.58363 -0.60747 -0.96439 -1.1449 -1.0492 -0.89425 -0.98992 -1.532 -1.9203 -1.5613 -1.0162 -0.67684 -0.2578 0.40513 0.96852
-0.16939 -0.14533 -0.25578 -0.43334 -0.45854 -0.34206 -0.25839 -0.28318 -0.37755 -0.42143 -0.34917 -0.35703 -0.54631 -0.63448 -0.58547 -0.54386 -0.70741 -1.1706 -1.5181 -1.3975 -1.0434 -0.81083 -0.91755 -1.4039 -1.7602
-0.15504 -0.20576 -0.29185 -0.36666 -0.34887 -0.25035 -0.18984 -0.21035 -0.27459 -0.29587 -0.24162 -0.25973 -0.39144 -0.4307 -0.38613 -0.3599 -0.47406 -0.7798 -0.99527 -0.87583 -0.63667 -0.60293 -0.82925 -1.3123 -1.6576
-0.091198 -0.09657 -0.14926 -0.21422 -0.2084 -0.14761 -0.1113 -0.12354 -0.15819 -0.16433 -0.13061 -0.14116 -0.20745 -0.21881 -0.18895 -0.17943 -0.2494 -0.3951 -0.47254 -0.42047 -0.30107 -0.2139 -0.30318 -0.54914 -0.70677
-0.010361 -0.013396 -0.016259 -0.016365 -0.01382 -0.010082 -0.0092462 -0.012171 -0.010146 -0.0013133 0.0066885 0.006083 -0.0033629 -0.010902 -0.010961 -0.0083346 -0.0098805 -0.012423 -0.012726 -0.0098902 -0.0073036 -0.0098364 -0.012584 -0.013336 -0.01289
-0.53389 -1.7967 -2.1334 -1.5003 -0.29962 0.2522 -0.19553 -0.58736 -0.48283 -0.1797 -0.028372 -0.22505 -0.43512 -0.31652 -0.18144 -0.22172 -0.42859 -0.58471 -0.4244 -0.064371 0.025885 -0.24629 -0.41559 -0.46577 -0.4116
1.1619 2.0631 3.3064 4.1526 3.743 2.1327 -0.0483 -0.89939 -0.57529 -0.073577 0.031736 -0.36199 -0.66877 -0.44265 -0.22008 -0.40432 -0.80894 -0.94214 -0.54403 0.0099276 0.061918 -0.3813 -0.66697 -0.72237 -0.60439
-0.96559 -1.0243 -1.084 -0.98875 -0.63176 0.021852 0.91589 1.6664 2.0787 1.7706 0.6727 -0.52126 -0.82203 -0.23183 -0.024063 -0.66874 -1.2411 -1.1008 -0.41705 -0.071706 -0.28551 -0.23624 -0.55589 -0.77692 -0.55117
1.1438 0.36044 -0.36576 -0.82287 -1.0398 -1.0659 -1.0067 -0.92291 -0.73539 -0.34732 0.25291 0.98612 1.5665 1.6937 1.1702 0.23918 0.35719 1.4736 2.536 2.5891 0.84182 -1.2205 -1.8713 -1.6516 -1.1079
-0.17947 1.4224 3.1866 4.4599 4.7165 3.7711 1.9241 -0.18857 -1.4304 -1.9527 -2.1132 -2.1003 -1.8351 -1.1768 0.23452 2.3735 4.0493 4.6716 3.8665 2.0466 0.17757 -0.29689 -0.59151 -0.49396 -0.038643
-0.37971 1.0816 2.201 2.2209 1.3159 0.328 0.43166 1.3848 1.7489 1.4714 0.82665 0.12458 -0.46527 -0.80147 -0.9453 -1.019 -1.0663 -1.0009 -0.73197 -0.20133 0.61881 1.5291 2.6487 3.7048 3.9723
-0.25094 0.085472 0.055829 -0.57618 -1.28 -1.2896 -0.54905 -0.0077826 -0.36432 -0.79373 -0.29934 0.92513 2.0402 2.1246 1.5612 0.73027 -0.1241 -0.70363 -0.98969 -1.0326 -0.9644 -0.97037 -1.0182 -0.9785 -0.81576
-0.17504 -0.021985 -0.2801 -0.82375 -1.0434 -0.75104 -0.34406 -0.27459 -0.50895 -0.58441 -0.26412 0.055494 -0.15162 -0.70402 -0.85767 0.38768 2.5348 3.943 4.059 3.0691 1.8044 0.70744 -0.12761 -0.65484 -0.90054
-0.12055 0.073126 -0.099287 -0.50745 -0.62879 -0.4194 -0.19687 -0.18001 -0.29493 -0.31128 -0.14102 -0.047471 -0.25702 -0.5041 -0.49846 -0.077752 0.16747 -0.43319 -1.4437 -2.0067 -1.2986 0.66674 2.7119 3.8934 4.1078
-0.095951 -0.24406 -0.42024 -0.56854 -0.54173 -0.32117 -0.15075 -0.16022 -0.24068 -0.22456 -0.096484 -0.065982 -0.23995 -0.36823 -0.32501 -0.15853 -0.26354 -0.89157 -1.5085 -1.525 -0.84484 0.0018015 0.25531 -0.40106 -1.2605
-0.062216 -0.0556 -0.17718 -0.33322 -0.32949 -0.18954 -0.089487 -0.1024 -0.1471 -0.12683 -0.050814 -0.049872 -0.15684 -0.20609 -0.16272 -0.12346 -0.27998 -0.6225 -0.81799 -0.74363 -0.44947 0.0012454 -0.02124 -0.55583 -0.94818
-0.73336 -1.7806 -2.7501 -2.7536 -1.5757 -0.47595 -0.32709 -0.55487 -0.53979 -0.26564 -0.059154 -0.19346 -0.38803 -0.30705 -0.1812 -0.22826 -0.47014 -0.66459 -0.52711 -0.15444 -0.0024209 -0.22995 -0.40202 -0.46824 -0.42527
-0.94986 -1.4711 -2.9776 -3.3898 -1.9771 -0.65328 -0.56857 -0.93285 -0.92344 -0.46139 -0.10469 -0.30514 -0.63571 -0.52581 -0.30522 -0.39963 -0.8136 -1.0486 -0.70629 -0.12225 0.010356 -0.35149 -0.60366 -0.67582 -0.5852
-0.59691 -0.25559 0.22495 -0.13788 -1.1269 -1.4267 -0.90823 -1.0284 -1.3178 -0.74454 -0.18167 -0.57079 -1.1509 -0.96878 -0.60404 -0.70817 -1.3918 -1.8164 -1.3502 -0.69707 -0.42184 -0.26635 -0.6998 -1.099 -0.94306
-0.99087 -1.5959 -1.8043 -0.9856 -0.2149 -0.33088 -0.70737 -0.60533 -0.60248 -0.9388 -0.97101 -0.67977 -0.79736 -1.2227 -1.113 -1.0255 -1.9843 -2.5728 -1.5618 -0.13964 -0.013224 -0.95409 -1.6218 -1.7545 -1.3829
-0.38584 -0.19731 -0.55108 -1.3851 -1.6371 -0.94147 -0.49583 -0.66914 -0.44337 -0.25979 -0.54992 -0.52116 -0.21016 -0.47734 -0.6611 -0.44598 -0.82757 -1.4332 -1.2817 -0.68755 -0.35899 -0.47723 -1.0271 -1.4534 -1.2455
-0.54463 -0.063563 -0.71774 -2.2261 -2.7309 -1.7383 -0.98889 -1.2347 -1.2106 -0.81785 -0.73547 -0.95355 -0.80771 -0.49865 -0.62424 -0.73155 -0.4211 -0.50453 -1.29 -1.6939 -1.0316 -1.0571 -2.1232 -2.8295 -2.3283
-0.30846 -0.46748 -0.98906 -1.8089 -2.1292 -1.5008 -0.70051 -0.58322 -0.9448 -0.9701 -0.40586 -0.25159 -1.0508 -1.3836 -0.92553 -0.95313 -1.3397 -0.84084 -0.01299 -0.01863 -0.58851 -0.5268 -0.060987 -0.11264 -0.73175
-0.18006 -0.089029 -0.40012 -0.95878 -1.1233 -0.75628 -0.35273 -0.32442 -0.51769 -0.51913 -0.21867 -0.14009 -0.63562 -1.0064 -0.86999 -0.4607 -0.72523 -2.043 -2.9133 -2.0021 -0.86021 -1.167 -1.6266 -1.0916 -0.34572
-0.11777 0.011156 -0.22805 -0.6438 -0.71044 -0.43925 -0.2091 -0.22082 -0.33278 -0.31158 -0.12843 -0.094977 -0.38012 -0.57336 -0.48457 -0.30203 -0.62889 -1.6494 -2.3877 -2.0855 -1.1424 -0.32358 -0.47812 -1.6458 -2.4897
-0.09885 -0.22642 -0.41654 -0.5767 -0.54467 -0.31674 -0.15212 -0.17234 -0.24962 -0.22148 -0.089824 -0.08366 -0.2871 -0.39744 -0.32635 -0.21328 -0.44635 -1.1343 -1.6248 -1.3519 -0.63656 -0.33352 -0.68761 -1.6737 -2.4133
-0.061999 -0.058774 -0.17873 -0.33229 -0.32659 -0.18666 -0.08869 -0.10278 -0.14514 -0.12301 -0.048815 -0.051078 -0.15825 -0.20314 -0.15774 -0.12543 -0.28333 -0.6082 -0.77929 -0.68623 -0.40485 -0.040805 -0.15577 -0.70488 -1.0616
-0.11319 -0.12653 -0.14674 -0.15491 -0.14824 -0.1305 -0.11523 -0.11958 -0.12184 -0.11293 -0.10357 -0.10332 -0.11336 -0.12069 -0.11668 -0.11727 -0.13461 -0.14852 -0.14976 -0.13479 -0.11335 -0.11676 -0.13342 -0.14398 -0.14524
0.78721 0.99319 1.0388 0.84644 0.47212 0.30145 0.38027 0.43256 0.39388 0.28033 0.2193 0.33633 0.40476 0.2843 0.18787 0.18058 0.24291 0.29712 0.24364 0.13149 0.11075 0.1713 0.2151 0.23273 0.20929
-0.49827 -0.67459 -0.90211 -0.94053 -0.54983 0.076684 0.60752 0.71184 0.58691 0.4051 0.38122 0.58206 0.64552 0.43574 0.27675 0.29104 0.41946 0.48424 0.36177 0.18752 0.16822 0.26046 0.3347 0.35865 0.31351
0.019921 0.029149 0.031643 -0.0062687 -0.10954 -0.26926 -0.45552 -0.60364 -0.6455 -0.31426 0.41724 1.0129 0.9332 0.48452 0.27684 0.40345 0.61533 0.63443 0.44647 0.32773 0.32092 0.27318 0.3469 0.40589 0.33336
-0.45045 -0.28634 -0.13605 -0.029767 0.02654 0.037916 0.033283 0.020074 -0.037886 -0.18721 -0.40806 -0.60956 -0.63128 -0.47507 -0.23846 0.077226 0.19001 0.0080107 -0.17768 -0.072082 0.40743 0.81508 0.94864 0.88586 0.69099
0.22637 -0.16221 -0.68603 -1.2359 -1.4891 -1.2864 -0.78404 -0.26182 0.082943 0.28865 0.36058 0.33818 0.19714 -0.035156 -0.38706 -0.916 -1.3635 -1.4183 -0.93488 -0.22116 0.25463 0.30216 0.33981 0.30119 0.17617
0.45083 0.15761 -0.089081 -0.15939 -0.0074029 0.13297 -0.026858 -0.34161 -0.56981 -0.67065 -0.56298 -0.3406 -0.1193 -0.0070469 0.025653 0.031776 0.032157 0.0064534 -0.070825 -0.20098 -0.36881 -0.54279 -0.75749 -0.89961 -0.78418
0.27034 0.2207 0.27559 0.48609 0.68288 0.62886 0.40469 0.34799 0.63097 0.99499 0.84562 0.15949 -0.54057 -0.70946 -0.59157 -0.42093 -0.23398 -0.086327 -0.004499 0.013125 0.0060524 0.011368 0.015596 -0.0049056 -0.055387
0.18819 0.17317 0.28084 0.46764 0.52929 0.41774 0.30124 0.32591 0.49231 0.63098 0.53754 0.3557 0.40966 0.61911 0.71764 0.51248 -0.085509 -0.70368 -0.98341 -0.84932 -0.5807 -0.35683 -0.19102 -0.075767 -0.014359
0.1239 0.085293 0.149 0.27971 0.31104 0.23423 0.1688 0.1822 0.25995 0.30997 0.24568 0.20225 0.30363 0.39372 0.39943 0.32985 0.28547 0.46641 0.7603 0.85623 0.59509 0.15128 -0.33345 -0.78588 -1.0081
0.10843 0.15792 0.22611 0.28225 0.26704 0.18786 0.13577 0.14867 0.20135 0.22398 0.17748 0.16909 0.2526 0.29277 0.27258 0.24616 0.30068 0.51598 0.71538 0.68539 0.47323 0.30158 0.29941 0.5332 0.80881
0.06641 0.070309 0.11363 0.1668 0.16239 0.11319 0.082788 0.092047 0.12134 0.12871 0.10067 0.10648 0.15749 0.16693 0.144 0.13654 0.19422 0.31752 0.38696 0.34697 0.24218 0.14565 0.18544 0.36692 0.49804
0.83469 1.1144 1.3953 1.354 0.89955 0.50202 0.41685 0.45589 0.45822 0.34861 0.23966 0.30015 0.35222 0.25788 0.17679 0.17775 0.25589 0.32744 0.28083 0.15711 0.11269 0.16102 0.20719 0.23207 0.2133
0.52513 0.96294 1.5487 1.6644 1.1537 0.72033 0.6913 0.80806 0.84029 0.65145 0.44563 0.50696 0.58554 0.44702 0.30981 0.3095 0.43432 0.51984 0.40628 0.21696 0.17521 0.24979 0.31219 0.335 0.29628
-1.3295 -1.3912 -1.3744 -1.0419 -0.45898 -0.013386 0.32561 0.83268 1.1875 1.0015 0.68908 0.85061 1.0133 0.78472 0.58008 0.58556 0.79009 0.92975 0.75743 0.50078 0.3633 0.3192 0.45007 0.57324 0.5144
0.6408 0.42985 0.022768 -0.57158 -1.0454 -1.186 -1.2156 -1.2703 -1.1699 -0.86999 -0.66233 -0.58683 -0.23147 0.29054 0.61288 0.81748 1.1731 1.3711 1.0257 0.56477 0.51411 0.71224 0.87178 0.89721 0.74503
0.40102 0.36349 0.48239 0.73676 0.77457 0.48251 0.19512 -0.075291 -0.52665 -0.89068 -0.87469 -0.87076 -0.8448 -0.42788 0.0077633 0.2392 0.4775 0.70739 0.66402 0.47014 0.38329 0.45025 0.63674 0.77113 0.6788
0.59317 0.50908 0.76364 1.2872 1.4659 1.1401 0.81347 0.59818 0.24003 -0.23503 -0.54075 -0.66049 -0.93557 -1.2274 -1.2624 -1.1734 -1.1187 -0.91939 -0.44972 -0.018487 0.2353 0.67832 1.2055 1.4663 1.2716
0.35294 0.43769 0.65629 0.96049 1.0584 0.83211 0.59189 0.59529 0.81104 0.95197 0.76342 0.75104 1.1571 1.1765 0.69221 0.20187 -0.13173 -0.60035 -1.0963 -1.273 -1.2522 -1.3021 -1.3165 -1.1091 -0.7226
0.19206 0.18997 0.31087 0.50398 0.55101 0.41976 0.30079 0.31823 0.44283 0.52093 0.43132 0.44692 0.72549 0.86118 0.77489 0.6441 0.71703 1.1468 1.4513 1.1489 0.69609 0.41949 0.082563 -0.45175 -0.90472
0.12111 0.10108 0.18973 0.33226 0.35204 0.25849 0.18995 0.20751 0.28199 0.31879 0.25958 0.26404 0.41156 0.4775 0.43351 0.39717 0.52666 0.89563 1.171 1.0663 0.77334 0.5775 0.65491 1.039 1.3191
0.11295 0.15355 0.22198 0.28204 0.26758 0.18851 0.13887 0.15368 0.20457 0.22303 0.17881 0.19218 0.29495 0.32346 0.28491 0.26224 0.35305 0.59714 0.76848 0.66825 0.47015 0.4366 0.61214 0.99555 1.2687
0.065743 0.069913 0.11221 0.16452 0.15981 0.11108 0.081357 0.090301 0.11787 0.12374 0.09642 0.10438 0.15619 0.16404 0.1391 0.13103 0.1869 0.30322 0.36466 0.32123 0.22413 0.1517 0.22091 0.41663 0.54164
-0.034159 -0.031718 -0.029238 -0.029001 -0.030842 -0.033754 -0.03452 -0.032394 -0.034092 -0.041301 -0.047702 -0.04721 -0.039537 -0.033438 -0.033259 -0.03521 -0.033943 -0.031945 -0.031871 -0.034268 -0.03637 -0.034504 -0.032145 -0.031491 -0.031841
-5.9458 -3.7801 -1.9602 -0.9297 -0.82498 -1.4548 -1.6569 -0.86888 -0.2291 -0.081532 -0.31875 -0.57399 -0.4087 -0.12918 -0.085676 -0.19007 -0.2311 -0.12053 -0.0049759 -0.18459 -0.64399 -0.66516 -0.3669 -0.13569 -0.0058395
0.98118 0.56433 -0.15953 -1.4877 -3.2407 -4.5949 -3.9908 -1.7487 -0.51208 -0.35368 -0.72248 -0.97173 -0.63624 -0.27096 -0.39096 -0.69252 -0.63852 -0.32577 -0.13966 -0.45047 -1.076 -1.0798 -0.63393 -0.24474 -0.037012
-0.088962 -0.074334 0.09435 0.37767 0.68994 0.86719 0.5509 -0.28597 -1.2669 -2.2168 -2.6989 -2.3806 -1.3266 -0.9695 -1.6003 -1.9683 -1.3676 -0.69506 -0.48623 -0.58505 -0.022945 0.1042 -0.39823 -0.36419 -0.22146
-0.81334 -0.95633 -0.82587 -0.564 -0.27995 -0.036565 0.1257 0.27652 0.46446 0.60016 0.58506 0.25791 -0.61855 -1.8993 -3.1251 -2.9966 -1.8373 -1.5356 -2.4477 -4.3678 -5.5924 -4.1329 -2.0358 -0.77386 -0.31622
4.1136 4.5929 3.66 2.17 0.38166 -1.4863 -3.1261 -3.12 -2.0471 -1.027 -0.25933 0.4538 1.3128 2.3529 3.2782 2.9021 1.2141 -0.66567 -2.3009 -3.0011 -1.6624 -0.66843 -0.80213 -0.59684 -0.53501
4.418 4.4067 3.2834 2.0087 1.3765 1.891 3.1197 2.8656 1.536 0.36001 -0.34199 -0.63904 -0.63706 -0.45092 -0.25464 -0.1088 0.073298 0.33438 0.61783 0.83598 0.71639 0.38808 -0.060436 -1.0502 -2.2672
1.4791 1.1256 0.70945 0.47366 0.81638 1.622 2.1317 1.517 1.015 1.4919 2.3731 2.7732 2.2355 1.1016 0.080207 -0.66686 -0.83834 -0.62805 -0.32736 -0.087324 -0.023047 -0.028109 0.078851 0.30581 0.52815
0.80592 0.56256 0.15749 0.082171 0.36228 0.61996 0.54019 0.23886 0.23761 0.58405 0.86489 0.79677 0.45585 0.74711 2.26 4.2964 4.3418 2.8772 1.1653 -0.092753 -0.73395 -0.97992 -0.93941 -0.68147 -0.44443
0.70036 0.62578 0.18984 0.04804 0.19445 0.29875 0.20859 0.06856 0.1033 0.28152 0.35888 0.19972 0.027126 0.25426 0.87865 1.4022 1.09 0.66539 0.97185 2.3447 4.2664 5.2259 4.7058 3.1048 1.7258
-0.1958 -0.35167 -0.21387 -0.047459 0.12593 0.1867 0.082658 -0.013935 0.038796 0.16367 0.17903 0.038084 -0.066405 0.091773 0.39479 0.5483 0.31005 0.18579 0.58721 1.4126 2.0626 1.958 1.2942 0.68292 0.73549
0.13947 0.058212 -0.041663 -0.022266 0.072038 0.099705 0.026301 -0.02693 0.013296 0.082411 0.071231 -0.026189 -0.071609 0.023242 0.13017 0.10665 -0.028161 -0.019941 0.21663 0.60413 1.0841 1.0395 0.46494 0.11317 0.20892
-2.3702 -2.4615 -1.5563 -0.50386 0.020693 -0.31196 -0.73956 -0.47973 -0.055534 0.088586 -0.13347 -0.39333 -0.29168 -0.060828 -0.041337 -0.19153 -0.25006 -0.11743 0.044949 -0.07006 -0.51368 -0.59422 -0.34672 -0.12954 0.0022739
1.9402 0.16634 -0.72588 -0.17873 0.23721 -0.30309 -0.85125 -0.48052 0.10731 0.29121 -0.083113 -0.48929 -0.37866 -0.05157 -0.072907 -0.38804 -0.48778 -0.24339 -0.022987 -0.26821 -0.85749 -0.89288 -0.52198 -0.19663 -0.0083557
0.21495 1.2228 1.5654 1.4808 1.9009 2.7037 2.4274 1.2644 0.9961 0.87761 0.044036 -0.77291 -0.54248 0.10448 0.1585 -0.39345 -0.6788 -0.32787 0.10018 0.23611 0.50282 0.20465 -0.39798 -0.34549 -0.11466
-2.7776 -3.3581 -2.549 -1.6711 -1.464 -1.2872 -0.40645 0.4466 0.68726 0.99907 1.5757 1.8188 1.5832 1.7553 1.9295 0.79423 -0.39852 -0.28518 -0.0086237 -0.8007 -2.1203 -2.1099 -1.296 -0.51257 -0.076214
0.849 0.52178 0.015188 -0.15234 0.077292 -0.19279 -1.2831 -1.5613 -1.1429 -0.97539 -0.5173 0.43588 0.93906 1.1462 1.6669 1.4379 0.50197 0.23237 0.41673 0.40064 0.12034 -0.28617 -0.56689 -0.35214 -0.045292
1.9581 1.452 0.23452 -0.15991 0.25563 0.031869 -1.3931 -2.0187 -1.6012 -1.4038 -1.5708 -1.4488 -0.91096 -0.68326 -0.42398 0.49441 1.2453 1.4308 1.8093 2.6496 2.2783 0.62902 -0.3632 -0.19097 0.22897
0.26733 -0.25715 -0.28476 -0.048611 0.56164 1.0067 0.7168 0.10186 0.094039 0.56539 0.57343 -0.3287 -1.1356 -1.059 -1.4627 -2.561 -2.4915 -1.7435 -1.4859 -1.4458 -0.49084 0.76784 1.3862 1.4068 1.5176
0.59229 0.37113 0.018463 -0.0040382 0.29987 0.50033 0.321 0.037411 0.085905 0.36494 0.40478 -0.016919 -0.37196 -0.017814 0.63016 0.80707 0.14928 -0.24411 0.16249 0.099973 -1.665 -3.0078 -2.7458 -1.8152 -1.4499
0.55604 0.44139 0.048344 -0.022766 0.1619 0.24447 0.10344 -0.029585 0.043244 0.21908 0.23331 0.0041411 -0.16945 0.057222 0.42326 0.47631 0.075303 -0.031583 0.55534 1.3884 1.8037 1.3636 0.35175 -0.27537 -0.13705
-0.10343 -0.30559 -0.21966 -0.063697 0.10857 0.15754 0.038333 -0.049806 0.017859 0.1415 0.13162 -0.043473 -0.14064 0.037977 0.28497 0.31939 0.066358 0.024936 0.46163 0.99874 0.89728 0.38731 -0.040269 -0.14722 0.24844
0.11432 0.046022 -0.046874 -0.025867 0.067585 0.092687 0.017138 -0.033744 0.0083122 0.075437 0.061384 -0.036643 -0.080687 0.011304 0.10673 0.074301 -0.051819 -0.035659 0.18949 0.53039 0.90991 0.78376 0.24956 0.00016719 0.14837
-0.012604 -0.034157 -0.02989 -0.0097699 0.011499 0.021036 0.0043026 -0.010957 -0.0037579 0.0040898 0.0037762 -0.0013255 -0.003945 0.0039049 0.0061975 -0.012553 -0.021486 -0.0077532 0.012841 0.025119 0.0054527 -0.022103 -0.027476 -0.012979 0.0024781
0.73642 0.42462 0.21839 0.15242 0.16739 0.23845 0.24725 0.10912 0.0066614 0.0014034 0.053275 0.11079 0.10464 0.047484 0.013005 0.0064553 0.0035559 -0.00040454 0.0046039 0.036018 0.092779 0.084077 0.03488 0.007243 -0.00060255
0.042889 0.12243 0.2112 0.32172 0.48437 0.65218 0.56804 0.21954 0.033867 0.036065 0.10926 0.17179 0.14883 0.076705 0.058004 0.071074 0.051299 0.028612 0.032833 0.079207 0.15159 0.13545 0.064525 0.018789 0.0052037
0.010753 0.022834 0.021144 0.010383 -0.0019434 0.0017878 0.077524 0.22918 0.36643 0.4385 0.45042 0.42104 0.28597 0.19655 0.23868 0.24568 0.14578 0.084265 0.085375 0.085007 -0.029265 -0.068253 0.01081 0.037862 0.044848
-0.059901 -0.0136 0.0027172 -0.00084225 -0.010891 -0.020723 -0.023636 -0.024606 -0.026602 -0.0177 0.0018602 0.045313 0.16737 0.36334 0.53939 0.49379 0.32339 0.29262 0.39769 0.61632 0.74245 0.5082 0.21173 0.072487 0.048252
-0.53663 -0.60645 -0.49973 -0.36992 -0.24106 -0.049891 0.208 0.27175 0.16851 0.070079 0.013992 -0.034183 -0.11452 -0.22397 -0.29908 -0.17613 0.069212 0.23893 0.35219 0.38872 0.17277 0.03298 0.08373 0.09727 0.10893
-0.55011 -0.56719 -0.45692 -0.33092 -0.26251 -0.32596 -0.51097 -0.4896 -0.29122 -0.12305 -0.035235 0.0096385 0.034497 0.034653 0.027661 0.026023 0.020907 0.010378 0.00068093 0.0031613 0.056745 0.13507 0.20504 0.29896 0.40357
-0.17679 -0.14402 -0.11371 -0.085678 -0.0946 -0.18039 -0.27952 -0.24387 -0.22755 -0.31676 -0.40876 -0.47171 -0.47691 -0.36266 -0.20045 -0.057316 -0.0022527 -0.0021984 -0.012704 -0.019207 -0.0072664 0.011683 0.016683 0.0096868 0.0013773
-0.10077 -0.081534 -0.040527 -0.018241 -0.020646 -0.041642 -0.047715 -0.0363 -0.06887 -0.12378 -0.14509 -0.13111 -0.064518 -0.075513 -0.30476 -0.6135 -0.61302 -0.4415 -0.29112 -0.17721 -0.089868 -0.025833 0.0054346 0.002997 -0.004672
-0.093838 -0.094702 -0.043252 -0.013363 -0.0094271 -0.015249 -0.012532 -0.010632 -0.03377 -0.061378 -0.060335 -0.027559 0.017138 -0.0017383 -0.10588 -0.20251 -0.17695 -0.12989 -0.14437 -0.28376 -0.52493 -0.66736 -0.62936 -0.46173 -0.34159
0.035051 0.049155 0.022887 0.0077672 0.001201 -0.002938 0.0027515 0.002689 -0.017436 -0.034902 -0.027683 0.00093911 0.033223 0.01998 -0.036953 -0.080481 -0.067163 -0.054276 -0.075816 -0.1521 -0.23879 -0.25132 -0.19758 -0.13427 -0.12361
-0.01736 -0.011508 -0.0015129 0.0021572 0.00071796 -0.00062525 0.0040448 0.0032958 -0.0095166 -0.018276 -0.010547 0.009364 0.026394 0.016537 -0.0071534 -0.016382 -0.0090012 -0.0089128 -0.02097 -0.060997 -0.13651 -0.15113 -0.090122 -0.042317 -0.034564
0.15284 0.1457 0.053088 0.010965 0.011671 0.050311 0.08081 0.017083 -0.049581 -0.045481 0.011453 0.068357 0.069618 0.024963 0.00038913 0.0038587 0.0033524 -0.0040402 -0.004451 0.018699 0.073325 0.073349 0.03147 0.0054113 -0.0027081
-0.82233 -0.54978 -0.32622 -0.219 -0.15378 -0.076422 -0.030753 -0.10831 -0.17851 -0.14218 -0.035868 0.056117 0.070604 0.015185 -0.011913 0.0080415 0.013841 0.0040413 0.0090072 0.050132 0.11821 0.1059 0.04538 0.0086125 -0.0026048
-0.028414 -0.27368 -0.47813 -0.64096 -0.81456 -0.98403 -0.97277 -0.77014 -0.62057 -0.43176 -0.1819 0.015736 0.038584 -0.076482 -0.132 -0.081327 -0.038866 -0.035293 -0.031439 -0.043122 -0.11084 -0.094326 -0.0097859 0.014679 0.018993
0.94285 1.0311 0.91636 0.74424 0.58649 0.41905 0.16252 -0.099422 -0.28287 -0.47243 -0.65925 -0.77843 -0.79383 -0.80852 -0.79213 -0.55688 -0.29575 -0.17372 -0.085845 0.051092 0.20519 0.17412 0.061624 -0.0018116 -0.013883
-0.022381 0.0054333 0.058835 0.11567 0.17323 0.286 0.49438 0.5713 0.50045 0.38222 0.15592 -0.15101 -0.38878 -0.50365 -0.58981 -0.52214 -0.33672 -0.22551 -0.17406 -0.14532 -0.11899 -0.078696 -0.035179 -0.021253 -0.01395
-0.16123 -0.12055 0.022614 0.13529 0.22871 0.38867 0.6736 0.8163 0.77684 0.74045 0.71086 0.61885 0.43045 0.24441 0.059214 -0.2098 -0.44517 -0.60858 -0.77227 -0.93209 -0.88235 -0.62935 -0.41771 -0.29691 -0.23215
0.004469 0.054225 0.031157 0.022353 0.0134 -0.0073183 0.019085 0.068381 0.029117 -0.029777 0.031003 0.24531 0.52378 0.67513 0.81884 0.99177 0.94306 0.77115 0.60777 0.43585 0.15311 -0.15678 -0.38827 -0.55327 -0.6828
-0.067791 -0.052322 -0.017744 0.00088758 -0.00088213 -0.011599 0.00049603 0.015099 -0.018125 -0.057697 -0.037481 0.055606 0.17376 0.17862 0.085348 0.033657 0.098493 0.17347 0.25045 0.41784 0.7528 0.97309 0.94321 0.77877 0.64765
-0.07243 -0.067389 -0.021041 0.0018726 0.0030078 3.7725e-005 0.0091718 0.0097161 -0.018141 -0.042916 -0.030879 0.016991 0.074134 0.063473 -0.002059 -0.038308 -0.011274 0.0072844 -0.00072694 -0.040313 -0.080697 -0.046022 0.061923 0.16428 0.23246
0.022598 0.043167 0.024772 0.011779 0.0057591 0.0035338 0.011788 0.01073 -0.011419 -0.028248 -0.016642 0.019451 0.054597 0.038755 -0.010933 -0.03921 -0.026134 -0.020898 -0.038222 -0.069789 -0.051557 -0.0097171 0.0095081 0.019084 0.017144
-0.013552 -0.0095149 -0.00038346 0.003082 0.0016798 0.00075662 0.0060045 0.0052325 -0.0076162 -0.016121 -0.0082098 0.011784 0.028876 0.019693 -0.0020685 -0.0097577 -0.0032538 -0.0040223 -0.015049 -0.04907 -0.1097 -0.11128 -0.054988 -0.020298 -0.017347
0.0016096 0.0045659 0.0040205 0.0013096 -0.0018411 -0.0035996 -0.0012571 0.0016217 0.0013582 0.00057295 -0.00011556 -0.00059008 -0.00055003 -0.0012225 -0.00083492 0.0024272 0.003542 0.0012754 -0.001779 -0.0035146 -0.00069068 0.0032215 0.004065 0.0019983 -0.00031359
760 800 850 900 950 1000 1050 1100 1150 1200 1250 1300 1350 1400 1450 1500 1550 1600 1650 1700 1750 1800 1850 1900 1940
