7.3259 -2.8584 -9.0635 -0.66484 -0.053924 0.50263 -0.74473 0.11281
11.548 -4.7585 -33.534 -1.0576 0.23171 0.78221 -2.6783 0.4542
-5.9714 1.2601 7.704 0.55038 0.5107 -0.51844 0.49146 0.014076
7.2125 -2.6044 -0.22792 -0.59445 -2.1965 0.43025 -0.019615 0.0023122
-5.7336 1.1659 -7.3694 0.5284 0.51532 -0.50207 -0.46411 -0.017631
10.046 -4.1717 32.088 -0.91972 0.2104 0.67894 2.566 -0.43485
7.3796 -2.8245 9.7579 -0.66534 -0.064512 0.50577 0.78803 -0.12666
3.5154 -1.3971 4.0021 -0.32135 -0.058693 0.24237 0.31966 -0.052857
7.3823 -2.7985 -1.8979 -0.66748 -0.095661 0.51075 -0.23 -0.004872
12.013 -4.8793 -2.5388 -1.1138 -0.17262 0.84029 -0.45742 -0.065214
-11.113 -0.32962 30.369 0.63613 -0.88698 -0.66519 1.6329 -0.69951
-13.986 2.0341 -0.59325 1.0007 -0.64235 -0.89568 -0.039501 0.011147
-10.413 -0.5984 -29.398 0.57214 -0.85489 -0.61731 -1.5626 0.68523
11.677 -4.7682 0.57832 -1.0847 -0.18334 0.81763 0.30714 0.092157
6.6814 -2.5802 1.9297 -0.60768 -0.091205 0.46312 0.22551 0.0013298
3.9898 -1.5009 1.8357 -0.35954 -0.060636 0.27551 0.16405 -0.017603
-0.48017 -0.066607 0.0057999 0.0076191 -0.099646 -0.047024 0.00037924 -7.1203e-005
 0 0 0 0 0 0 0 0