-6.9389e-016 -6.9389e-016 -6.9389e-016 -6.9389e-016 -6.9389e-016
-0.00019738 -0.00019738 -0.00019738 -0.00019738 -0.00019738
0.19626 0.19626 0.19626 0.19626 0.19626
1.8494 1.8494 1.8494 1.8494 1.8494
1.0167 1.0167 1.0167 1.0167 1.0167
1.8462 1.8462 1.8462 1.8462 1.8462
0.20348 0.20348 0.20348 0.20348 0.20348
0.00029643 0.00029643 0.00029643 0.00029643 0.00029643
-0.016283 -0.016283 -0.016283 -0.016283 -0.016283
0 0 0 0 0
0 0 0 0 0
0 0 0 0 0
-0.081188 -0.081188 -0.081188 -0.081188 -0.081188
-0.23689 -0.23689 -0.23689 -0.23689 -0.23689
-0.9191 -0.9191 -0.9191 -0.9191 -0.9191
-0.58391 -0.58391 -0.58391 -0.58391 -0.58391
-0.9198 -0.9198 -0.9198 -0.9198 -0.9198
-0.23658 -0.23658 -0.23658 -0.23658 -0.23658
-0.082223 -0.082223 -0.082223 -0.082223 -0.082223
-0.037494 -0.037494 -0.037494 -0.037494 -0.037494
0 0 0 0 0
0 0 0 0 0
0.31253 0.31253 0.31253 0.31253 0.31253
-2.498e-016 -2.498e-016 -2.498e-016 -2.498e-016 -2.498e-016
-0.0056831 -0.0056831 -0.0056831 -0.0056831 -0.0056831
0.037679 0.037679 0.037679 0.037679 0.037679
0.453 0.453 0.453 0.453 0.453
0.25085 0.25085 0.25085 0.25085 0.25085
0.45047 0.45047 0.45047 0.45047 0.45047
0.03909 0.03909 0.03909 0.03909 0.03909
-0.0056037 -0.0056037 -0.0056037 -0.0056037 -0.0056037
-0.0071131 -0.0071131 -0.0071131 -0.0071131 -0.0071131
0 0 0 0 0
0 0 0 0 0
0 0 0 0 0
-0.02614 -0.02614 -0.02614 -0.02614 -0.02614
-0.072923 -0.072923 -0.072923 -0.072923 -0.072923
-0.2657 -0.2657 -0.2657 -0.2657 -0.2657
-0.16642 -0.16642 -0.16642 -0.16642 -0.16642
-0.26615 -0.26615 -0.26615 -0.26615 -0.26615
-0.073078 -0.073078 -0.073078 -0.073078 -0.073078
-0.026511 -0.026511 -0.026511 -0.026511 -0.026511
-0.012383 -0.012383 -0.012383 -0.012383 -0.012383
0 0 0 0 0
0 0 0 0 0
0.53119 0.53119 0.53119 0.53119 0.53119
-3.8025e-015 -3.8025e-015 -3.8025e-015 -3.8025e-015 -3.8025e-015
0.22744 0.22744 0.22744 0.22744 0.22744
0.88842 0.88842 0.88842 0.88842 0.88842
3.3978 3.3978 3.3978 3.3978 3.3978
0.0066893 0.0066893 0.0066893 0.0066893 0.0066893
-3.4024 -3.4024 -3.4024 -3.4024 -3.4024
-0.88452 -0.88452 -0.88452 -0.88452 -0.88452
-0.22318 -0.22318 -0.22318 -0.22318 -0.22318
-0.079505 -0.079505 -0.079505 -0.079505 -0.079505
0 0 0 0 0
0 0 0 0 0
0 0 0 0 0
0.15093 0.15093 0.15093 0.15093 0.15093
0.3893 0.3893 0.3893 0.3893 0.3893
0.63277 0.63277 0.63277 0.63277 0.63277
-0.0054141 -0.0054141 -0.0054141 -0.0054141 -0.0054141
-0.63052 -0.63052 -0.63052 -0.63052 -0.63052
-0.38462 -0.38462 -0.38462 -0.38462 -0.38462
-0.14829 -0.14829 -0.14829 -0.14829 -0.14829
-0.061817 -0.061817 -0.061817 -0.061817 -0.061817
0 0 0 0 0
0 0 0 0 0
-0.0015215 -0.0015215 -0.0015215 -0.0015215 -0.0015215
0 0 0 0 0
0 0 0 0 0
0 0 0 0 0
0 0 0 0 0
0 0 0 0 0
0 0 0 0 0
0 0 0 0 0
0 0 0 0 0
0 0 0 0 0
0 0 0 0 0
0 0 0 0 0
0 0 0 0 0
0 0 0 0 0
0 0 0 0 0
0 0 0 0 0
0 0 0 0 0
0 0 0 0 0
0 0 0 0 0
0 0 0 0 0
0 0 0 0 0
0 0 0 0 0
0 0 0 0 0
0 0 0 0 0
6.9389e-017 6.9389e-017 6.9389e-017 6.9389e-017 6.9389e-017
0.087919 0.087919 0.087919 0.087919 0.087919
0.48136 0.48136 0.48136 0.48136 0.48136
0.80473 0.80473 0.80473 0.80473 0.80473
-1.8823 -1.8823 -1.8823 -1.8823 -1.8823
0.80139 0.80139 0.80139 0.80139 0.80139
0.50244 0.50244 0.50244 0.50244 0.50244
0.081468 0.081468 0.081468 0.081468 0.081468
0.021833 0.021833 0.021833 0.021833 0.021833
0 0 0 0 0
0 0 0 0 0
0 0 0 0 0
0.030202 0.030202 0.030202 0.030202 0.030202
0.075821 0.075821 0.075821 0.075821 0.075821
-0.26523 -0.26523 -0.26523 -0.26523 -0.26523
-0.31697 -0.31697 -0.31697 -0.31697 -0.31697
-0.2666 -0.2666 -0.2666 -0.2666 -0.2666
0.078311 0.078311 0.078311 0.078311 0.078311
0.031597 0.031597 0.031597 0.031597 0.031597
0.0087574 0.0087574 0.0087574 0.0087574 0.0087574
0 0 0 0 0
0 0 0 0 0
0.063956 0.063956 0.063956 0.063956 0.063956
0 0 0 0 0
0 0 0 0 0
0 0 0 0 0
0 0 0 0 0
0 0 0 0 0
0 0 0 0 0
0 0 0 0 0
0 0 0 0 0
0 0 0 0 0
0 0 0 0 0
0 0 0 0 0
0 0 0 0 0
0 0 0 0 0
0 0 0 0 0
0 0 0 0 0
0 0 0 0 0
0 0 0 0 0
0 0 0 0 0
0 0 0 0 0
0 0 0 0 0
0 0 0 0 0
0 0 0 0 0
0 0 0 0 0
0 0 0 0 0
0 0 0 0 0
0 0 0 0 0
0 0 0 0 0
0 0 0 0 0
0 0 0 0 0
0 0 0 0 0
0 0 0 0 0
0 0 0 0 0
0 0 0 0 0
0 0 0 0 0
0 0 0 0 0
0 0 0 0 0
0 0 0 0 0
0 0 0 0 0
0 0 0 0 0
0 0 0 0 0
0 0 0 0 0
0 0 0 0 0
0 0 0 0 0
0 0 0 0 0
0 0 0 0 0
0 0 0 0 0
0 0 0 0 0
0 0 0 0 0
0 0 0 0 0
0 0 0 0 0
0 0 0 0 0
0 0 0 0 0
0 0 0 0 0
0 0 0 0 0
0 0 0 0 0
0 0 0 0 0
0 0 0 0 0
0 0 0 0 0
0 0 0 0 0
0 0 0 0 0
0 0 0 0 0
0 0 0 0 0
0 0 0 0 0
0 0 0 0 0
0 0 0 0 0
0 0 0 0 0
0 0 0 0 0
0 0 0 0 0
0 0 0 0 0
1 2 3 4 5
