3.9175 -1.5175 -5.1375 -0.35533 -0.051193 0.26951 -0.40048 0.070853
7.1133 -2.7769 -8.6033 -0.64559 -0.051278 0.48798 -0.70751 0.10696
10.835 -4.4842 -32.701 -0.993 0.2414 0.73311 -2.6113 0.44345
-5.903 1.2337 7.5571 0.54418 0.50983 -0.51373 0.47941 0.015878
7.2049 -2.6019 0.055685 -0.59379 -2.1967 0.42974 0.0034995 -0.0012313
-5.7925 1.1886 -7.4801 0.53374 0.51631 -0.50614 -0.4734 -0.016345
10.703 -4.4266 32.663 -0.97939 0.19989 0.72426 2.6136 -0.44178
7.5811 -2.903 10.162 -0.68366 -0.068 0.51967 0.8212 -0.13162
3.9161 -1.4866 -2.3107 -0.354 -0.057518 0.2706 -0.19774 0.025057
7.2756 -2.7579 -1.4652 -0.65783 -0.094566 0.50341 -0.19488 -0.010322
11.753 -4.7803 -1.7757 -1.0903 -0.16962 0.82243 -0.39554 -0.074855
-11.078 -0.34371 30.394 0.63298 -0.88752 -0.66284 1.635 -0.6998
-13.984 2.0336 -0.9037 1.0006 -0.64202 -0.89556 -0.064851 0.015008
-10.429 -0.59198 -29.283 0.57358 -0.85481 -0.61838 -1.5534 0.68372
11.873 -4.8448 1.2817 -1.1025 -0.1871 0.83118 0.36468 0.083437
6.7683 -2.6142 2.31 -0.6156 -0.092949 0.46913 0.25661 -0.0033895
-0.47993 -0.066741 0.01449 0.007594 -0.099663 -0.047007 0.0010653 -0.00018835

0 0 0 0 0 0 0 0