5.004 -0.56934 -142.57 -0.35933 0.010687 0.33769 -9.8577 1.1384
-7.1102 1.2848 22.32 0.58091 1.1744 -0.59101 1.3667 0.01532
-0.34404 0.47497 -3.4477 0.11315 -0.83491 -0.11655 -0.23777 0.027862
-6.9016 1.2782 -16.241 0.56271 1.158 -0.57955 -0.9441 -0.065885
7.5947 -1.0628 118.99 -0.50894 0.1732 0.54334 8.2259 -0.94666
9.2626 -1.2587 -27.618 -0.65637 -0.08927 0.66408 -2.0703 0.097286
2.5645 -0.6741 47.395 -0.22524 -0.24972 0.2367 2.5873 -0.87524
-22.805 1.9612 -7.3057 1.4144 -1.0354 -1.4486 -0.52413 0.045722
4.3902 -0.88493 -47.25 -0.36207 -0.29176 0.36204 -2.5027 0.92193
10.223 -1.4176 58.268 -0.70894 -0.013107 0.73597 4.1323 -0.3788
-1.5907 0.68941 -2.0482 0.12043 -0.022082 -0.12394 -0.14159 0.01618

0 0 0 0 0 0 0 0
0 0 0 0 0 0 0 0
0 0 0 0 0 0 0 0
0 0 0 0 0 0 0 0
0 0 0 0 0 0 0 0
0 0 0 0 0 0 0 0
0 0 0 0 0 0 0 0