multipoles:Ex, Ey, Ez, U1, U2, U3
-1.0925e-013 -1.0925e-013 -1.0925e-013 -1.0925e-013 -1.0925e-013
9.2139 9.2139 9.2139 9.2139 9.2139
-5.4561 -5.4561 -5.4561 -5.4561 -5.4561
1.9453 1.9453 1.9453 1.9453 1.9453
-9.3998 -9.3998 -9.3998 -9.3998 -9.3998
0.98356 0.98356 0.98356 0.98356 0.98356
6.5358 6.5358 6.5358 6.5358 6.5358
4.6742 4.6742 4.6742 4.6742 4.6742
2.579 2.579 2.579 2.579 2.579
0 0 0 0 0
0 0 0 0 0
0 0 0 0 0
10.622 10.622 10.622 10.622 10.622
7.7069 7.7069 7.7069 7.7069 7.7069
-19.888 -19.888 -19.888 -19.888 -19.888
0.989 0.989 0.989 0.989 0.989
10.435 10.435 10.435 10.435 10.435
8.7677 8.7677 8.7677 8.7677 8.7677
4.5072 4.5072 4.5072 4.5072 4.5072
2.8487 2.8487 2.8487 2.8487 2.8487
0 0 0 0 0
0 0 0 0 0
-0.25727 -0.25727 -0.25727 -0.25727 -0.25727
3.6859e-014 3.6859e-014 3.6859e-014 3.6859e-014 3.6859e-014
-4.3599 -4.3599 -4.3599 -4.3599 -4.3599
1.1283 1.1283 1.1283 1.1283 1.1283
-1.0854 -1.0854 -1.0854 -1.0854 -1.0854
2.9429 2.9429 2.9429 2.9429 2.9429
-1.7772 -1.7772 -1.7772 -1.7772 -1.7772
-3.2579 -3.2579 -3.2579 -3.2579 -3.2579
-2.1444 -2.1444 -2.1444 -2.1444 -2.1444
-1.203 -1.203 -1.203 -1.203 -1.203
0 0 0 0 0
0 0 0 0 0
0 0 0 0 0
-4.8392 -4.8392 -4.8392 -4.8392 -4.8392
-5.2568 -5.2568 -5.2568 -5.2568 -5.2568
2.4566 2.4566 2.4566 2.4566 2.4566
-1.753 -1.753 -1.753 -1.753 -1.753
-5.5789 -5.5789 -5.5789 -5.5789 -5.5789
-3.9574 -3.9574 -3.9574 -3.9574 -3.9574
-2.0502 -2.0502 -2.0502 -2.0502 -2.0502
-1.2746 -1.2746 -1.2746 -1.2746 -1.2746
0 0 0 0 0
0 0 0 0 0
-0.13186 -0.13186 -0.13186 -0.13186 -0.13186
-3.9968e-015 -3.9968e-015 -3.9968e-015 -3.9968e-015 -3.9968e-015
1.3416 1.3416 1.3416 1.3416 1.3416
4.4633 4.4633 4.4633 4.4633 4.4633
0.085144 0.085144 0.085144 0.085144 0.085144
-4.1631 -4.1631 -4.1631 -4.1631 -4.1631
-4.1322 -4.1322 -4.1322 -4.1322 -4.1322
-0.69952 -0.69952 -0.69952 -0.69952 -0.69952
-0.14456 -0.14456 -0.14456 -0.14456 -0.14456
-0.036114 -0.036114 -0.036114 -0.036114 -0.036114
0 0 0 0 0
0 0 0 0 0
0 0 0 0 0
0.99406 0.99406 0.99406 0.99406 0.99406
1.7859 1.7859 1.7859 1.7859 1.7859
-0.28131 -0.28131 -0.28131 -0.28131 -0.28131
-0.52306 -0.52306 -0.52306 -0.52306 -0.52306
-0.88232 -0.88232 -0.88232 -0.88232 -0.88232
-0.19183 -0.19183 -0.19183 -0.19183 -0.19183
-0.050595 -0.050595 -0.050595 -0.050595 -0.050595
0.00039699 0.00039699 0.00039699 0.00039699 0.00039699
0 0 0 0 0
0 0 0 0 0
0.0158 0.0158 0.0158 0.0158 0.0158
9.7145e-015 9.7145e-015 9.7145e-015 9.7145e-015 9.7145e-015
-0.91835 -0.91835 -0.91835 -0.91835 -0.91835
0.52039 0.52039 0.52039 0.52039 0.52039
-0.13955 -0.13955 -0.13955 -0.13955 -0.13955
0.9028 0.9028 0.9028 0.9028 0.9028
-0.13083 -0.13083 -0.13083 -0.13083 -0.13083
-0.66076 -0.66076 -0.66076 -0.66076 -0.66076
-0.46386 -0.46386 -0.46386 -0.46386 -0.46386
-0.25814 -0.25814 -0.25814 -0.25814 -0.25814
0 0 0 0 0
0 0 0 0 0
0 0 0 0 0
-1.0629 -1.0629 -1.0629 -1.0629 -1.0629
-0.92379 -0.92379 -0.92379 -0.92379 -0.92379
1.4208 1.4208 1.4208 1.4208 1.4208
-0.20753 -0.20753 -0.20753 -0.20753 -0.20753
-1.1063 -1.1063 -1.1063 -1.1063 -1.1063
-0.87044 -0.87044 -0.87044 -0.87044 -0.87044
-0.44865 -0.44865 -0.44865 -0.44865 -0.44865
-0.28203 -0.28203 -0.28203 -0.28203 -0.28203
0 0 0 0 0
0 0 0 0 0
-0.011874 -0.011874 -0.011874 -0.011874 -0.011874
5.7315e-015 5.7315e-015 5.7315e-015 5.7315e-015 5.7315e-015
-0.52452 -0.52452 -0.52452 -0.52452 -0.52452
1.2105 1.2105 1.2105 1.2105 1.2105
-0.99816 -0.99816 -0.99816 -0.99816 -0.99816
1.2719 1.2719 1.2719 1.2719 1.2719
0.62839 0.62839 0.62839 0.62839 0.62839
-0.36989 -0.36989 -0.36989 -0.36989 -0.36989
-0.30559 -0.30559 -0.30559 -0.30559 -0.30559
-0.18329 -0.18329 -0.18329 -0.18329 -0.18329
0 0 0 0 0
0 0 0 0 0
0 0 0 0 0
-0.80011 -0.80011 -0.80011 -0.80011 -0.80011
-1.1435 -1.1435 -1.1435 -1.1435 -1.1435
-0.66077 -0.66077 -0.66077 -0.66077 -0.66077
-0.4386 -0.4386 -0.4386 -0.4386 -0.4386
-0.91083 -0.91083 -0.91083 -0.91083 -0.91083
-0.60629 -0.60629 -0.60629 -0.60629 -0.60629
-0.32027 -0.32027 -0.32027 -0.32027 -0.32027
-0.20162 -0.20162 -0.20162 -0.20162 -0.20162
0 0 0 0 0
0 0 0 0 0
-0.11639 -0.11639 -0.11639 -0.11639 -0.11639
-7.6605e-015 -7.6605e-015 -7.6605e-015 -7.6605e-015 -7.6605e-015
0.65287 0.65287 0.65287 0.65287 0.65287
-0.48976 -0.48976 -0.48976 -0.48976 -0.48976
0.046953 0.046953 0.046953 0.046953 0.046953
-0.7591 -0.7591 -0.7591 -0.7591 -0.7591
-0.0070511 -0.0070511 -0.0070511 -0.0070511 -0.0070511
0.46069 0.46069 0.46069 0.46069 0.46069
0.33471 0.33471 0.33471 0.33471 0.33471
0.18589 0.18589 0.18589 0.18589 0.18589
0 0 0 0 0
0 0 0 0 0
0 0 0 0 0
0.77615 0.77615 0.77615 0.77615 0.77615
0.61287 0.61287 0.61287 0.61287 0.61287
-1.2768 -1.2768 -1.2768 -1.2768 -1.2768
0.10197 0.10197 0.10197 0.10197 0.10197
0.77214 0.77214 0.77214 0.77214 0.77214
0.63452 0.63452 0.63452 0.63452 0.63452
0.32632 0.32632 0.32632 0.32632 0.32632
0.20609 0.20609 0.20609 0.20609 0.20609
0 0 0 0 0
0 0 0 0 0
-0.032601 -0.032601 -0.032601 -0.032601 -0.032601
0 0 0 0 0
0 0 0 0 0
0 0 0 0 0
0 0 0 0 0
0 0 0 0 0
0 0 0 0 0
0 0 0 0 0
0 0 0 0 0
0 0 0 0 0
0 0 0 0 0
0 0 0 0 0
0 0 0 0 0
0 0 0 0 0
0 0 0 0 0
0 0 0 0 0
0 0 0 0 0
0 0 0 0 0
0 0 0 0 0
0 0 0 0 0
0 0 0 0 0
0 0 0 0 0
0 0 0 0 0
0 0 0 0 0
0 0 0 0 0
0 0 0 0 0
0 0 0 0 0
0 0 0 0 0
0 0 0 0 0
0 0 0 0 0
0 0 0 0 0
0 0 0 0 0
0 0 0 0 0
0 0 0 0 0
0 0 0 0 0
0 0 0 0 0
0 0 0 0 0
0 0 0 0 0
0 0 0 0 0
1 2 3 4 5
0 0 0 0 0
0 0 0 0 0
0 0 0 0 0
0 0 0 0 0
0 0 0 0 0
0 0 0 0 0
0 0 0 0 0
