multipoles:Ex, Ey, Ez, U1, U2, U3
-1.6881e-013 -1.6881e-013 -1.6881e-013 -1.6881e-013 -1.6881e-013
2.9337 2.9337 2.9337 2.9337 2.9337
4.6484 4.6484 4.6484 4.6484 4.6484
8.4602 8.4602 8.4602 8.4602 8.4602
4.5105 4.5105 4.5105 4.5105 4.5105
-5.2853 -5.2853 -5.2853 -5.2853 -5.2853
1.5882 1.5882 1.5882 1.5882 1.5882
-5.2021 -5.2021 -5.2021 -5.2021 -5.2021
8.6687 8.6687 8.6687 8.6687 8.6687
0 0 0 0 0
0 0 0 0 0
0 0 0 0 0
2.9526 2.9526 2.9526 2.9526 2.9526
5.2303 5.2303 5.2303 5.2303 5.2303
8.7053 8.7053 8.7053 8.7053 8.7053
6.272 6.272 6.272 6.272 6.272
7.4195 7.4195 7.4195 7.4195 7.4195
-20.598 -20.598 -20.598 -20.598 -20.598
7.7241 7.7241 7.7241 7.7241 7.7241
11.256 11.256 11.256 11.256 11.256
0 0 0 0 0
0 0 0 0 0
-0.27093 -0.27093 -0.27093 -0.27093 -0.27093
6.0146e-014 6.0146e-014 6.0146e-014 6.0146e-014 6.0146e-014
-1.3499 -1.3499 -1.3499 -1.3499 -1.3499
-2.1809 -2.1809 -2.1809 -2.1809 -2.1809
-3.9686 -3.9686 -3.9686 -3.9686 -3.9686
-2.2945 -2.2945 -2.2945 -2.2945 -2.2945
1.0066 1.0066 1.0066 1.0066 1.0066
-0.96438 -0.96438 -0.96438 -0.96438 -0.96438
1.0044 1.0044 1.0044 1.0044 1.0044
-4.2742 -4.2742 -4.2742 -4.2742 -4.2742
0 0 0 0 0
0 0 0 0 0
0 0 0 0 0
-1.3386 -1.3386 -1.3386 -1.3386 -1.3386
-2.3401 -2.3401 -2.3401 -2.3401 -2.3401
-4.0044 -4.0044 -4.0044 -4.0044 -4.0044
-2.8997 -2.8997 -2.8997 -2.8997 -2.8997
-5.2001 -5.2001 -5.2001 -5.2001 -5.2001
3.024 3.024 3.024 3.024 3.024
-5.3128 -5.3128 -5.3128 -5.3128 -5.3128
-5.1755 -5.1755 -5.1755 -5.1755 -5.1755
0 0 0 0 0
0 0 0 0 0
-0.13316 -0.13316 -0.13316 -0.13316 -0.13316
1.9221e-015 1.9221e-015 1.9221e-015 1.9221e-015 1.9221e-015
0.075256 0.075256 0.075256 0.075256 0.075256
0.23099 0.23099 0.23099 0.23099 0.23099
0.60689 0.60689 0.60689 0.60689 0.60689
0.62544 0.62544 0.62544 0.62544 0.62544
4.6867 4.6867 4.6867 4.6867 4.6867
-0.008788 -0.008788 -0.008788 -0.008788 -0.008788
-4.6174 -4.6174 -4.6174 -4.6174 -4.6174
-1.002 -1.002 -1.002 -1.002 -1.002
0 0 0 0 0
0 0 0 0 0
0 0 0 0 0
0.060431 0.060431 0.060431 0.060431 0.060431
0.17125 0.17125 0.17125 0.17125 0.17125
0.36197 0.36197 0.36197 0.36197 0.36197
0.2879 0.2879 0.2879 0.2879 0.2879
1.1749 1.1749 1.1749 1.1749 1.1749
0.021868 0.021868 0.021868 0.021868 0.021868
-1.1855 -1.1855 -1.1855 -1.1855 -1.1855
-0.52461 -0.52461 -0.52461 -0.52461 -0.52461
0 0 0 0 0
0 0 0 0 0
-0.00052704 -0.00052704 -0.00052704 -0.00052704 -0.00052704
1.4797e-014 1.4797e-014 1.4797e-014 1.4797e-014 1.4797e-014
-0.29168 -0.29168 -0.29168 -0.29168 -0.29168
-0.46461 -0.46461 -0.46461 -0.46461 -0.46461
-0.84128 -0.84128 -0.84128 -0.84128 -0.84128
-0.45754 -0.45754 -0.45754 -0.45754 -0.45754
0.49852 0.49852 0.49852 0.49852 0.49852
-0.10656 -0.10656 -0.10656 -0.10656 -0.10656
0.49204 0.49204 0.49204 0.49204 0.49204
-0.87221 -0.87221 -0.87221 -0.87221 -0.87221
0 0 0 0 0
0 0 0 0 0
0 0 0 0 0
-0.29281 -0.29281 -0.29281 -0.29281 -0.29281
-0.51615 -0.51615 -0.51615 -0.51615 -0.51615
-0.86802 -0.86802 -0.86802 -0.86802 -0.86802
-0.62717 -0.62717 -0.62717 -0.62717 -0.62717
-0.89001 -0.89001 -0.89001 -0.89001 -0.89001
1.5118 1.5118 1.5118 1.5118 1.5118
-0.91856 -0.91856 -0.91856 -0.91856 -0.91856
-1.123 -1.123 -1.123 -1.123 -1.123
0 0 0 0 0
0 0 0 0 0
-0.010863 -0.010863 -0.010863 -0.010863 -0.010863
6.9528e-015 6.9528e-015 6.9528e-015 6.9528e-015 6.9528e-015
-0.18745 -0.18745 -0.18745 -0.18745 -0.18745
-0.29314 -0.29314 -0.29314 -0.29314 -0.29314
-0.46665 -0.46665 -0.46665 -0.46665 -0.46665
-0.21918 -0.21918 -0.21918 -0.21918 -0.21918
1.155 1.155 1.155 1.155 1.155
-0.96694 -0.96694 -0.96694 -0.96694 -0.96694
1.1413 1.1413 1.1413 1.1413 1.1413
-0.43472 -0.43472 -0.43472 -0.43472 -0.43472
0 0 0 0 0
0 0 0 0 0
0 0 0 0 0
-0.19186 -0.19186 -0.19186 -0.19186 -0.19186
-0.32727 -0.32727 -0.32727 -0.32727 -0.32727
-0.56273 -0.56273 -0.56273 -0.56273 -0.56273
-0.41364 -0.41364 -0.41364 -0.41364 -0.41364
-0.96836 -0.96836 -0.96836 -0.96836 -0.96836
-0.59537 -0.59537 -0.59537 -0.59537 -0.59537
-0.98711 -0.98711 -0.98711 -0.98711 -0.98711
-0.73239 -0.73239 -0.73239 -0.73239 -0.73239
0 0 0 0 0
0 0 0 0 0
-0.1139 -0.1139 -0.1139 -0.1139 -0.1139
-1.206e-014 -1.206e-014 -1.206e-014 -1.206e-014 -1.206e-014
0.21051 0.21051 0.21051 0.21051 0.21051
0.33306 0.33306 0.33306 0.33306 0.33306
0.60022 0.60022 0.60022 0.60022 0.60022
0.31588 0.31588 0.31588 0.31588 0.31588
-0.47456 -0.47456 -0.47456 -0.47456 -0.47456
0.020622 0.020622 0.020622 0.020622 0.020622
-0.46754 -0.46754 -0.46754 -0.46754 -0.46754
0.60985 0.60985 0.60985 0.60985 0.60985
0 0 0 0 0
0 0 0 0 0
0 0 0 0 0
0.21271 0.21271 0.21271 0.21271 0.21271
0.3762 0.3762 0.3762 0.3762 0.3762
0.62841 0.62841 0.62841 0.62841 0.62841
0.45389 0.45389 0.45389 0.45389 0.45389
0.57817 0.57817 0.57817 0.57817 0.57817
-1.3341 -1.3341 -1.3341 -1.3341 -1.3341
0.60022 0.60022 0.60022 0.60022 0.60022
0.81367 0.81367 0.81367 0.81367 0.81367
0 0 0 0 0
0 0 0 0 0
-0.033894 -0.033894 -0.033894 -0.033894 -0.033894
0 0 0 0 0
0 0 0 0 0
0 0 0 0 0
0 0 0 0 0
0 0 0 0 0
0 0 0 0 0
0 0 0 0 0
0 0 0 0 0
0 0 0 0 0
0 0 0 0 0
0 0 0 0 0
0 0 0 0 0
0 0 0 0 0
0 0 0 0 0
0 0 0 0 0
0 0 0 0 0
0 0 0 0 0
0 0 0 0 0
0 0 0 0 0
0 0 0 0 0
0 0 0 0 0
0 0 0 0 0
0 0 0 0 0
0 0 0 0 0
0 0 0 0 0
0 0 0 0 0
0 0 0 0 0
0 0 0 0 0
0 0 0 0 0
0 0 0 0 0
0 0 0 0 0
0 0 0 0 0
0 0 0 0 0
0 0 0 0 0
0 0 0 0 0
0 0 0 0 0
0 0 0 0 0
0 0 0 0 0
0 0 0 0 0
0 0 0 0 0
0 0 0 0 0
0 0 0 0 0
0 0 0 0 0
0 0 0 0 0
0 0 0 0 0
0 0 0 0 0
1 2 3 4 5
