1.82964754458226e-13 1.82964754458226e-13 1.82964754458226e-13
6.9782783449 6.9782783449 6.9782783449
11.3610004847 11.3610004847 11.3610004847
-5.8144355194 -5.8144355194 -5.8144355194
6.512660218 6.512660218 6.512660218
-5.4958420843 -5.4958420843 -5.4958420843
9.4591523065 9.4591523065 9.4591523065
7.0042686801 7.0042686801 7.0042686801
3.2650520068 3.2650520068 3.2650520068
0 0 0
0 0 0
0 0 0
6.763690451 6.763690451 6.763690451
10.6518801804 10.6518801804 10.6518801804
-10.6318931752 -10.6318931752 -10.6318931752
-13.5548218984 -13.5548218984 -13.5548218984
-9.8297700882 -9.8297700882 -9.8297700882
10.5168570236 10.5168570236 10.5168570236
6.1266606119 6.1266606119 6.1266606119
3.6955948 3.6955948 3.6955948
0 0 0
0 0 0
-0.4797404755 -0.4797404755 -0.4797404755
-6.17284001691587e-14 -6.17284001691587e-14 -6.17284001691587e-14
-2.9118730454 -2.9118730454 -2.9118730454
-4.9526087079 -4.9526087079 -4.9526087079
1.3230522521 1.3230522521 1.3230522521
-2.5299575979 -2.5299575979 -2.5299575979
1.1975155623 1.1975155623 1.1975155623
-4.2020614153 -4.2020614153 -4.2020614153
-2.8671118967 -2.8671118967 -2.8671118967
-1.4026393532 -1.4026393532 -1.4026393532
0 0 0
0 0 0
0 0 0
-2.7598822354 -2.7598822354 -2.7598822354
-4.7142276617 -4.7142276617 -4.7142276617
-0.3454406877 -0.3454406877 -0.3454406877
1.9948691393 1.9948691393 1.9948691393
-0.6672005342 -0.6672005342 -0.6672005342
-4.6467638986 -4.6467638986 -4.6467638986
-2.552165188 -2.552165188 -2.552165188
-1.4961417062 -1.4961417062 -1.4961417062
0 0 0
0 0 0
-0.0702556195 -0.0702556195 -0.0702556195
-2.22044604925031e-15 -2.22044604925031e-15 -2.22044604925031e-15
-10.9370845992 -10.9370845992 -10.9370845992
-33.5821888916 -33.5821888916 -33.5821888916
7.8658549068 7.8658549068 7.8658549068
0.0900544508 0.0900544508 0.0900544508
-7.6270996689 -7.6270996689 -7.6270996689
31.9770728069 31.9770728069 31.9770728069
10.7277914996 10.7277914996 10.7277914996
3.8268409947 3.8268409947 3.8268409947
0 0 0
0 0 0
0 0 0
-2.8057832271 -2.8057832271 -2.8057832271
-1.5092610923 -1.5092610923 -1.5092610923
31.1867112659 31.1867112659 31.1867112659
-2.0123643333 -2.0123643333 -2.0123643333
-29.1171091975 -29.1171091975 -29.1171091975
0.1210368857 0.1210368857 0.1210368857
2.4817982551 2.4817982551 2.4817982551
1.6742731986 1.6742731986 1.6742731986
0 0 0
0 0 0
0.0236273166 0.0236273166 0.0236273166
-1.60982338570648e-14 -1.60982338570648e-14 -1.60982338570648e-14
-0.6576534246 -0.6576534246 -0.6576534246
-1.0768102425 -1.0768102425 -1.0768102425
0.5539347462 0.5539347462 0.5539347462
-0.5536535664 -0.5536535664 -0.5536535664
0.5244015714 0.5244015714 0.5244015714
-0.9004794457 -0.9004794457 -0.9004794457
-0.6561310449 -0.6561310449 -0.6561310449
-0.3113726942 -0.3113726942 -0.3113726942
0 0 0
0 0 0
0 0 0
-0.6366294593 -0.6366294593 -0.6366294593
-1.0339810753 -1.0339810753 -1.0339810753
0.6160892395 0.6160892395 0.6160892395
0.9874775209 0.9874775209 0.9874775209
0.5417475946 0.5417475946 0.5417475946
-1.020367825 -1.020367825 -1.020367825
-0.5808145494 -0.5808145494 -0.5808145494
-0.3466942159 -0.3466942159 -0.3466942159
0 0 0
0 0 0
0.0071259527 0.0071259527 0.0071259527
-2.06779038336435e-15 -2.06779038336435e-15 -2.06779038336435e-15
-0.0950078834 -0.0950078834 -0.0950078834
0.1363996592 0.1363996592 0.1363996592
0.5434345846 0.5434345846 0.5434345846
-2.1347118471 -2.1347118471 -2.1347118471
0.5436057139 0.5436057139 0.5436057139
0.1337881608 0.1337881608 0.1337881608
-0.1132433061 -0.1132433061 -0.1132433061
-0.0792709972 -0.0792709972 -0.0792709972
0 0 0
0 0 0
0 0 0
-0.1333590476 -0.1333590476 -0.1333590476
-0.245652383 -0.245652383 -0.245652383
-0.8560940335 -0.8560940335 -0.8560940335
-0.6091751734 -0.6091751734 -0.6091751734
-0.8245089078 -0.8245089078 -0.8245089078
-0.241843376 -0.241843376 -0.241843376
-0.1319579424 -0.1319579424 -0.1319579424
-0.0826146264 -0.0826146264 -0.0826146264
0 0 0
0 0 0
-0.1022985598 -0.1022985598 -0.1022985598
1.23234755733392e-14 1.23234755733392e-14 1.23234755733392e-14
0.4793615396 0.4793615396 0.4793615396
0.7695049463 0.7695049463 0.7695049463
-0.5106172299 -0.5106172299 -0.5106172299
0.3807042082 0.3807042082 0.3807042082
-0.4884074895 -0.4884074895 -0.4884074895
0.6376001359 0.6376001359 0.6376001359
0.4803647545 0.4803647545 0.4803647545
0.2254411227 0.2254411227 0.2254411227
0 0 0
0 0 0
0 0 0
0.4692666489 0.4692666489 0.4692666489
0.7484546356 0.7484546356 0.7484546356
-0.639434067 -0.639434067 -0.639434067
-0.8686759664 -0.8686759664 -0.8686759664
-0.5835754796 -0.5835754796 -0.5835754796
0.7389856826 0.7389856826 0.7389856826
0.4258711005 0.4258711005 0.4258711005
0.2558190658 0.2558190658 0.2558190658
0 0 0
0 0 0
-0.0480974686 -0.0480974686 -0.0480974686
5.55111512312578e-17 5.55111512312578e-17 5.55111512312578e-17
-0.903167151 -0.903167151 -0.903167151
-2.7574030464 -2.7574030464 -2.7574030464
0.5174683758 0.5174683758 0.5174683758
0.0055974797 0.0055974797 0.0055974797
-0.4976735149 -0.4976735149 -0.4976735149
2.6294683375 2.6294683375 2.6294683375
0.8813025018 0.8813025018 0.8813025018
0.31675668 0.31675668 0.31675668
0 0 0
0 0 0
0 0 0
-0.3029698466 -0.3029698466 -0.3029698466
-0.3963331923 -0.3963331923 -0.3963331923
1.7466806661 1.7466806661 1.7466806661
-0.1426958844 -0.1426958844 -0.1426958844
-1.5931127863 -1.5931127863 -1.5931127863
0.2835276253 0.2835276253 0.2835276253
0.2726918311 0.2726918311 0.2726918311
0.157783148 0.157783148 0.157783148
0 0 0
0 0 0
0.0018389 0.0018389 0.0018389
9.71445146547012e-17 9.71445146547012e-17 9.71445146547012e-17
0.1444886418 0.1444886418 0.1444886418
0.4596814781 0.4596814781 0.4596814781
0.0120085048 0.0120085048 0.0120085048
-0.0013252469 -0.0013252469 -0.0013252469
-0.0150976164 -0.0150976164 -0.0150976164
-0.4370515343 -0.4370515343 -0.4370515343
-0.1432673076 -0.1432673076 -0.1432673076
-0.0500041743 -0.0500041743 -0.0500041743
0 0 0
0 0 0
0 0 0
0.0099296973 0.0099296973 0.0099296973
-0.0835476743 -0.0835476743 -0.0835476743
-0.71860687 -0.71860687 -0.71860687
0.0346238591 0.0346238591 0.0346238591
0.6860960401 0.6860960401 0.6860960401
0.1023154529 0.1023154529 0.1023154529
-0.0069694639 -0.0069694639 -0.0069694639
-0.0145475557 -0.0145475557 -0.0145475557
0 0 0
0 0 0
-0.0003287101 -0.0003287101 -0.0003287101
0 100 200
