multipoles:Ex, Ey, Ez, U1, U2, U3
2.0606e-013 2.0606e-013 2.0606e-013 2.0606e-013 2.0606e-013
-2.7393 -2.7393 -2.7393 -2.7393 -2.7393
1.713 1.713 1.713 1.713 1.713
-6.8459 -6.8459 -6.8459 -6.8459 -6.8459
6.5479 6.5479 6.5479 6.5479 6.5479
10.897 10.897 10.897 10.897 10.897
5.922 5.922 5.922 5.922 5.922
3.9761 3.9761 3.9761 3.9761 3.9761
2.6903 2.6903 2.6903 2.6903 2.6903
0 0 0 0 0
0 0 0 0 0
0 0 0 0 0
12.107 12.107 12.107 12.107 12.107
-22.794 -22.794 -22.794 -22.794 -22.794
11.204 11.204 11.204 11.204 11.204
7.9736 7.9736 7.9736 7.9736 7.9736
12.11 12.11 12.11 12.11 12.11
6.7834 6.7834 6.7834 6.7834 6.7834
3.9158 3.9158 3.9158 3.9158 3.9158
2.5583 2.5583 2.5583 2.5583 2.5583
0 0 0 0 0
0 0 0 0 0
-0.23482 -0.23482 -0.23482 -0.23482 -0.23482
-9.2371e-014 -9.2371e-014 -9.2371e-014 -9.2371e-014 -9.2371e-014
-0.196 -0.196 -0.196 -0.196 -0.196
-1.0257 -1.0257 -1.0257 -1.0257 -1.0257
1.7476 1.7476 1.7476 1.7476 1.7476
-3.2242 -3.2242 -3.2242 -3.2242 -3.2242
-5.1672 -5.1672 -5.1672 -5.1672 -5.1672
-2.7989 -2.7989 -2.7989 -2.7989 -2.7989
-1.8376 -1.8376 -1.8376 -1.8376 -1.8376
-1.237 -1.237 -1.237 -1.237 -1.237
0 0 0 0 0
0 0 0 0 0
0 0 0 0 0
-7.4114 -7.4114 -7.4114 -7.4114 -7.4114
4.0542 4.0542 4.0542 4.0542 4.0542
-6.9599 -6.9599 -6.9599 -6.9599 -6.9599
-3.7442 -3.7442 -3.7442 -3.7442 -3.7442
-5.5657 -5.5657 -5.5657 -5.5657 -5.5657
-3.0801 -3.0801 -3.0801 -3.0801 -3.0801
-1.7952 -1.7952 -1.7952 -1.7952 -1.7952
-1.1745 -1.1745 -1.1745 -1.1745 -1.1745
0 0 0 0 0
0 0 0 0 0
-0.15113 -0.15113 -0.15113 -0.15113 -0.15113
1.8874e-015 1.8874e-015 1.8874e-015 1.8874e-015 1.8874e-015
4.8565 4.8565 4.8565 4.8565 4.8565
0.020278 0.020278 0.020278 0.020278 0.020278
-4.7866 -4.7866 -4.7866 -4.7866 -4.7866
-0.46253 -0.46253 -0.46253 -0.46253 -0.46253
-0.44169 -0.44169 -0.44169 -0.44169 -0.44169
-0.099247 -0.099247 -0.099247 -0.099247 -0.099247
-0.015857 -0.015857 -0.015857 -0.015857 -0.015857
0.009398 0.009398 0.009398 0.009398 0.009398
0 0 0 0 0
0 0 0 0 0
0 0 0 0 0
1.503 1.503 1.503 1.503 1.503
-0.13288 -0.13288 -0.13288 -0.13288 -0.13288
-0.94341 -0.94341 -0.94341 -0.94341 -0.94341
-0.13736 -0.13736 -0.13736 -0.13736 -0.13736
-0.16986 -0.16986 -0.16986 -0.16986 -0.16986
-0.043718 -0.043718 -0.043718 -0.043718 -0.043718
-0.0012362 -0.0012362 -0.0012362 -0.0012362 -0.0012362
0.011312 0.011312 0.011312 0.011312 0.011312
0 0 0 0 0
0 0 0 0 0
0.0052585 0.0052585 0.0052585 0.0052585 0.0052585
-2.0428e-014 -2.0428e-014 -2.0428e-014 -2.0428e-014 -2.0428e-014
0.24389 0.24389 0.24389 0.24389 0.24389
-0.11901 -0.11901 -0.11901 -0.11901 -0.11901
0.65464 0.65464 0.65464 0.65464 0.65464
-0.659 -0.659 -0.659 -0.659 -0.659
-1.0879 -1.0879 -1.0879 -1.0879 -1.0879
-0.59266 -0.59266 -0.59266 -0.59266 -0.59266
-0.39545 -0.39545 -0.39545 -0.39545 -0.39545
-0.26738 -0.26738 -0.26738 -0.26738 -0.26738
0 0 0 0 0
0 0 0 0 0
0 0 0 0 0
-1.3584 -1.3584 -1.3584 -1.3584 -1.3584
1.73 1.73 1.73 1.73 1.73
-1.2661 -1.2661 -1.2661 -1.2661 -1.2661
-0.80024 -0.80024 -0.80024 -0.80024 -0.80024
-1.2048 -1.2048 -1.2048 -1.2048 -1.2048
-0.67157 -0.67157 -0.67157 -0.67157 -0.67157
-0.38911 -0.38911 -0.38911 -0.38911 -0.38911
-0.25441 -0.25441 -0.25441 -0.25441 -0.25441
0 0 0 0 0
0 0 0 0 0
-0.014476 -0.014476 -0.014476 -0.014476 -0.014476
-1.1324e-014 -1.1324e-014 -1.1324e-014 -1.1324e-014 -1.1324e-014
1.0083 1.0083 1.0083 1.0083 1.0083
-0.97326 -0.97326 -0.97326 -0.97326 -0.97326
1.2527 1.2527 1.2527 1.2527 1.2527
-0.34279 -0.34279 -0.34279 -0.34279 -0.34279
-0.61347 -0.61347 -0.61347 -0.61347 -0.61347
-0.3661 -0.3661 -0.3661 -0.3661 -0.3661
-0.24852 -0.24852 -0.24852 -0.24852 -0.24852
-0.17222 -0.17222 -0.17222 -0.17222 -0.17222
0 0 0 0 0
0 0 0 0 0
0 0 0 0 0
-1.2467 -1.2467 -1.2467 -1.2467 -1.2467
-0.46517 -0.46517 -0.46517 -0.46517 -0.46517
-1.187 -1.187 -1.187 -1.187 -1.187
-0.52404 -0.52404 -0.52404 -0.52404 -0.52404
-0.75949 -0.75949 -0.75949 -0.75949 -0.75949
-0.41662 -0.41662 -0.41662 -0.41662 -0.41662
-0.24917 -0.24917 -0.24917 -0.24917 -0.24917
-0.16533 -0.16533 -0.16533 -0.16533 -0.16533
0 0 0 0 0
0 0 0 0 0
-0.11529 -0.11529 -0.11529 -0.11529 -0.11529
1.5987e-014 1.5987e-014 1.5987e-014 1.5987e-014 1.5987e-014
-0.29266 -0.29266 -0.29266 -0.29266 -0.29266
0.02928 0.02928 0.02928 0.02928 0.02928
-0.58538 -0.58538 -0.58538 -0.58538 -0.58538
0.46076 0.46076 0.46076 0.46076 0.46076
0.7731 0.7731 0.7731 0.7731 0.7731
0.423 0.423 0.423 0.423 0.423
0.28446 0.28446 0.28446 0.28446 0.28446
0.19281 0.19281 0.19281 0.19281 0.19281
0 0 0 0 0
0 0 0 0 0
0 0 0 0 0
0.91168 0.91168 0.91168 0.91168 0.91168
-1.4884 -1.4884 -1.4884 -1.4884 -1.4884
0.84683 0.84683 0.84683 0.84683 0.84683
0.57507 0.57507 0.57507 0.57507 0.57507
0.86991 0.86991 0.86991 0.86991 0.86991
0.48619 0.48619 0.48619 0.48619 0.48619
0.28105 0.28105 0.28105 0.28105 0.28105
0.18372 0.18372 0.18372 0.18372 0.18372
0 0 0 0 0
0 0 0 0 0
-0.031318 -0.031318 -0.031318 -0.031318 -0.031318
0 0 0 0 0
0 0 0 0 0
0 0 0 0 0
0 0 0 0 0
0 0 0 0 0
0 0 0 0 0
0 0 0 0 0
0 0 0 0 0
0 0 0 0 0
0 0 0 0 0
0 0 0 0 0
0 0 0 0 0
0 0 0 0 0
0 0 0 0 0
0 0 0 0 0
0 0 0 0 0
0 0 0 0 0
0 0 0 0 0
0 0 0 0 0
0 0 0 0 0
0 0 0 0 0
0 0 0 0 0
0 0 0 0 0
0 0 0 0 0
0 0 0 0 0
0 0 0 0 0
0 0 0 0 0
0 0 0 0 0
0 0 0 0 0
0 0 0 0 0
0 0 0 0 0
0 0 0 0 0
0 0 0 0 0
0 0 0 0 0
0 0 0 0 0
0 0 0 0 0
0 0 0 0 0
0 0 0 0 0
1 2 3 4 5
0 0 0 0 0
0 0 0 0 0
0 0 0 0 0
0 0 0 0 0
0 0 0 0 0
0 0 0 0 0
0 0 0 0 0
