-0.44605 -0.63029 -4.1242 -0.049466 -0.0068388 -0.069841 -0.46131 0.0067616
-0.89723 -0.91165 -6.9475 -0.071471 0.041764 -0.14214 -0.78331 0.017581
-1.8535 -1.3273 -8.3509 -0.10374 0.18137 -0.30224 -1.0103 0.05475
-1.7144 -1.2923 9.9293 -0.1001 -0.027208 -0.3538 0.72844 0.16967
4.5935 -1.0614 -0.14665 -0.08267 -1.5282 0.47523 -0.015696 0.0011761
-1.61 -1.3499 -11.011 -0.10494 0.013455 -0.33802 -0.85653 -0.16948
-1.9412 -1.0066 6.7238 -0.078376 0.13754 -0.315 0.82865 -0.054738
-1.3189 -1.1474 8.8544 -0.089695 -0.0079595 -0.20857 1.0004 -0.023588
0.45218 -0.63006 -4.0953 -0.049427 -0.0062731 0.070877 -0.45836 -0.0034504
0.88734 -0.91681 -7.2344 -0.071838 0.042983 0.14094 -0.81234 -0.011747
1.9041 -1.3275 -8.257 -0.10366 0.18099 0.30982 -1.0008 -0.047604
1.7002 -1.2945 10.021 -0.10017 -0.027487 0.35169 0.73763 -0.17562
-4.6031 -1.0584 -0.24158 -0.082593 -1.5285 -0.47627 -0.025004 -0.00058063
1.6601 -1.3478 -10.728 -0.10466 0.014896 0.34552 -0.82813 0.17633
1.925 -1.0172 6.1534 -0.079121 0.13832 0.31253 0.7706 0.049157
1.253 -1.151 8.7521 -0.089911 -0.0079381 0.19894 0.98985 0.016544
-0.00032925 -0.35056 -0.09476 -0.062928 -0.21588 8.589e-005 -0.010909 0.00011557
 0 0 0 0 0 0 0 0