-0.24816 -0.42074 -1.3583 -0.033006 -0.019469 -0.038205 -0.16317 0.0034712
-0.42647 -0.608 -3.4174 -0.047602 -0.0072917 -0.066579 -0.38537 0.0071147
-0.74028 -0.95899 -6.6448 -0.074948 0.035073 -0.11872 -0.74577 0.018261
-1.7419 -1.3791 -6.9353 -0.10783 0.16647 -0.28495 -0.86002 0.057848
-1.5581 -1.2402 9.057 -0.097278 -0.037643 -0.33094 0.63174 0.17433
4.375 -1.0927 0.36675 -0.084353 -1.5222 0.4429 0.040066 -0.0036894
-1.2632 -1.2626 -11.601 -0.098051 -0.020032 -0.28227 -0.93075 -0.16128
-2.3497 -1.3512 9.547 -0.10695 0.09849 -0.38328 1.1306 -0.061691
0.22421 -0.42252 -1.4877 -0.032975 -0.018715 0.034917 -0.17604 -0.00252
0.38515 -0.60851 -3.4788 -0.047353 -0.0039337 0.060959 -0.39142 -0.0051746
0.723 -0.95013 -6.5095 -0.073724 0.042061 0.11681 -0.73221 -0.014431
1.7277 -1.3678 -6.8643 -0.10568 0.18006 0.2836 -0.85271 -0.053465
1.5772 -1.2313 9.0212 -0.095135 -0.022006 0.33342 0.62862 -0.17801
-4.3849 -1.1049 0.33903 -0.087476 -1.5441 -0.44439 0.037447 0.0035762
1.2588 -1.2526 -11.433 -0.096056 -0.0076533 0.28245 -0.91445 0.16648
2.3517 -1.3449 9.2891 -0.10471 0.11917 0.38306 1.1045 0.055993
-0.0032987 -0.35173 -0.063074 -0.063114 -0.21929 -0.00032436 -0.0081321 3.6113e-005
 0 0 0 0 0 0 0 0