multipoles:Ex,Ey,Ez,U1,U2,U3,U4,U5
position: 61
 5.333511410299252e-13 2.593480985524366e-13 -1.27542421068938e-12 -8.126832540256146e-13 -6.128431095930864e-13 -9.032774528350274e-13 4.392042285417119e-13 1.083577672034153e-13 -1.185718190299667e-13 -3.641531520770513e-14 -2.824407374646398e-13 7.105427357601002e-14 2.100541962590796e-13 1.199040866595169e-13 9.015010959956271e-14 2.513544927751354e-13 1.900701818158268e-13 -7.576161920042068e-13 5.910827383104333e-13 -2.773337115513641e-13 6.404946018001567e-14 -1.238453783969362e-13 2.37920794177171e-13 -1.495248369565161e-12 1.115774139748282e-13
 -3.761872378021589 -6.523341070631835 -8.97540899556245 -7.839254232928312 -2.049370352869432 5.956421588882796 11.70562002436848 11.36396454988475 8.871921665727481 6.107568413618282 6.433294716391052 9.586106398549873 9.385055623896086 5.887405971237827 3.920551185464801 4.544670542355074 6.587481422023584 7.436811466432318 5.34520139981781 2.703838107390222 2.608043557088047 4.001043061558262 5.271988024171446 6.258366151871124 -1.066265399157261
 2.505244984484571 2.406070923970818 1.99604353502944 0.8938756946356827 -0.8810627238587609 -3.205412994156912 -5.651626832443423 -7.484584380378362 -7.368300438174576 -1.294592379532924 9.352817822895418 16.53077247459902 13.07844931333206 6.412443607113018 4.224960288568465 6.574905128801915 9.548508746822503 9.633391700946298 6.804581209034706 5.36963521868464 4.999968985722104 4.414637058311759 5.804163605321537 7.055820884116204 -3.590562462154814
 -3.198019256343454 -0.8304190516094592 0.8325224286636519 1.764664986701148 2.019278303163276 1.947553771077506 1.850621031569451 1.569318800104803 0.4775810649306416 -1.953553397659012 -5.179228000464803 -7.749713309843251 -7.310564904558788 -4.806013140723271 -1.360834961306923 2.791540858324485 3.548534341453511 0.4634437679831898 -2.384116974546049 -0.6722752769342857 6.598451156730572 12.19668408242906 14.47909150092488 14.9651298347217 -2.409831740119046
 -7.984186027456777 -11.67334916849285 -17.36211013703473 -22.13051171115577 -21.31185091196626 -15.78266029169694 -7.536697984675508 -0.6419745202039969 3.58589476896945 5.901427443009876 6.526513743085877 5.892663778022643 3.513714227037471 -0.04650487467446307 -5.466746379923008 -13.18749968972005 -19.36069315783477 -19.79283294738659 -12.26385293930642 -1.744353322465445 4.283849153961921 4.7110286226123 5.32880099812464 4.803337849528914 -8.462424807022987
 -3.281500904269587 -3.24268429754377 -3.536275822647553 -1.830202940194296 1.346728967274231 2.492926226704417 -0.9159509865604729 -4.953877269961364 -7.563354840589508 -8.206214509685736 -6.111129642355703 -2.748369010729951 0.2048799042352836 1.473258937938023 1.781040340455946 1.842237358421341 1.871587147407872 1.515756513153046 0.3528406598237348 -1.719531109653933 -4.32206625970352 -7.14127534370339 -10.92493843131321 -14.53502579874941 -9.662711387790106
 2.252001747243304 3.866612311119689 6.112703227580172 9.525303282858539 10.70739364669993 8.471638486348571 5.231342193658275 5.770981143168554 10.92728995576596 15.33656728692348 11.25061261620679 0.6040009235972974 -8.008117783276024 -8.777677762667411 -6.654539005723904 -4.136934175453404 -1.564300287147473 0.4349360565378082 1.54355115163709 1.723698524708118 1.581432087038231 1.647756159510929 1.767157862431236 1.73215107720754 1.242664063954005
 2.40604132362671 3.705870837608479 6.533045457345398 8.770931864035212 8.019164466371555 5.719951136220891 4.377061863194341 5.365736030725073 8.07346363696637 9.478142122270267 7.565477408655511 5.357713547997804 7.214076896778655 9.989625353034251 10.86795328004724 7.092261352340294 -1.371489899417995 -9.428664049836108 -12.52457924111945 -10.1875587085429 -6.362487156527672 -3.371856311263693 -1.258470489591405 0.2777825645449058 2.501755255386469
 1.037263491864765 1.394135561661489 3.597555648952146 5.269860878829815 4.672956739333039 3.204173910737678 2.480456791726029 2.97135587045173 4.198085662540663 4.569240083782346 3.46010242103007 3.303494144917218 5.099390401522531 6.036508042761607 5.86983124674607 4.835355476155096 4.971548477523028 8.899973595244543 13.94843757121017 15.06595302189192 10.26778212353814 3.88292649504738 -1.848665659944014 -6.539239975524102 -12.02122759962568
 0 0 0 0 0 0 0 0 0 0 0 0 0 0 0 0 0 0 0 0 0 0 0 0 0
 0 0 0 0 0 0 0 0 0 0 0 0 0 0 0 0 0 0 0 0 0 0 0 0 0
 0 0 0 0 0 0 0 0 0 0 0 0 0 0 0 0 0 0 0 0 0 0 0 0 0
 22.93999049224373 32.43550031308424 37.72729454619165 30.48403872200413 17.45065087709426 11.05960635915704 11.4050597912757 12.89554424839886 12.6251179790543 9.095715740167218 6.699605508761916 8.205911863522383 8.653125146133336 6.104517216405379 4.337108996672694 4.743831678883506 6.825256212315471 8.005265025135376 6.007082026034342 3.125271374123312 2.700920559029494 3.835635366134197 4.933384778215184 5.869838484090264 0.4516178234139814
 -28.21621570339085 -27.29536450847102 -23.61030474088525 -14.88780991917072 -5.67883165175625 0.2054126809798511 6.215938335670504 14.4348117748646 18.29687494794978 13.91814875566373 10.38852217903526 13.87788871970873 14.90085374112553 10.76569439011745 8.174896439190872 8.923873489436181 12.37717723478163 14.34867099813487 11.4591526427 7.755070763644953 5.6115365982227 5.254522769653847 7.629448447125204 10.12817023390125 5.334763437186902
 20.47313310336555 10.21902877536563 -1.046717323761591 -12.20831625627747 -17.98246220856935 -19.07885488162533 -19.84585498529947 -20.45551254809992 -18.08310321004067 -13.31419479920774 -10.82276815014909 -9.123476479314753 -2.50424961287227 4.933190705913336 9.180780208062345 12.62730972451698 18.4729136040281 21.00068143620824 15.10050195585272 8.262433727089491 7.965277209893742 10.9330682019327 13.70987896080832 15.42141243341124 6.794697462341572
 6.771533332798006 7.463661412613561 10.63024799011203 13.52774045875069 11.29307715696274 6.051124658856267 2.170761926531053 -2.650781487897545 -9.943582094088203 -14.33597360402506 -13.6634638408692 -14.15488235435902 -12.55221761576211 -5.486659029923884 0.5485447815257919 3.877613174704692 7.87781907991315 11.28870500582825 10.25890245938034 7.273968459370283 6.050132007587508 7.315764437549856 10.59138643645515 13.56230975762855 11.15667978294718
 7.939746539149696 9.864348853916836 17.3594053209262 24.10657720940945 22.27453768086635 15.82077557901502 11.6491117757065 7.936456198751221 1.661100988369412 -5.557410631703604 -9.455584778874051 -11.48497897797473 -16.32693844294974 -19.94947485866216 -19.82353319257625 -18.51410170920862 -17.62085154371646 -13.87178604793482 -5.924815605168209 0.6567721304431284 4.70549003232599 11.74280287348811 20.16554292860366 25.72962033904231 32.47053675312354
 8.315686153665864 11.14367844134538 14.68712044200122 17.65537192997157 15.90253163997937 11.29451299587697 8.426273520709211 9.439406703534226 12.87208032933795 13.82947282468304 10.83252250444755 12.4941302180756 18.55420516025897 16.46868856283012 8.352600757385371 1.378839602578463 -3.804889225433182 -11.42588327013913 -18.87350134876029 -21.00244140118837 -20.46573160591548 -21.07445879834605 -21.19422444715025 -18.0409072660261 -8.650925802508777
 3.138424276770982 4.325819738872169 7.19508338135123 9.340458808216622 8.248208432474456 5.703715595651741 4.364083182821642 5.120821166339289 7.072560298532749 7.639233830270959 6.237626809560106 7.531105811061193 11.89692141542836 12.79535688259754 11.05088230594513 9.429071164525004 11.93367186279475 19.92433697787366 24.21635704287015 18.0253025349119 10.22898432174031 5.353710146060726 -0.1971591049216084 -8.635949311351986 -20.77837451517578
 1.420856976140454 2.081758589334394 4.548954524329191 6.169637228160171 5.250145595312338 3.544535704376825 2.822015989994525 3.352297110999311 4.484221892808393 4.665203387085395 3.768450718413307 4.411255692864062 6.705278685847129 7.072766370698844 6.239185329151419 5.999437270855503 8.874366413836096 15.42124249016149 19.58713248617464 17.37708313690646 12.38444154595279 9.883767381946216 12.90779801903049 22.91718170890584 44.47791731835449
 0 0 0 0 0 0 0 0 0 0 0 0 0 0 0 0 0 0 0 0 0 0 0 0 0
 0 0 0 0 0 0 0 0 0 0 0 0 0 0 0 0 0 0 0 0 0 0 0 0 0
 -0.05118709240805688 -0.05606401801377933 -0.08681849093644647 -0.152755629406368 -0.2210384940987345 -0.2668969669377826 -0.2557785150779642 -0.2272065186208417 -0.2770248570987813 -0.3960181353125899 -0.4763678947634925 -0.4405229751832976 -0.3154958015431319 -0.2448884770821572 -0.2569957278131284 -0.2804428642092715 -0.2514574288004687 -0.2107808500574597 -0.1982578488863063 -0.2383691197795489 -0.2747214907010617 -0.2526915496390078 -0.2203952748303789 -0.184163220182996 -2.345681300845963
 -2.204902926905561e-13 -9.414691248821327e-14 4.507505479978136e-13 2.717825964282383e-13 2.170486013142181e-13 3.18856052672345e-13 -1.587618925213974e-13 -5.329070518200751e-14 3.885780586188048e-14 1.77635683940025e-14 9.459100169806334e-14 -1.909583602355269e-14 -6.838973831690964e-14 -3.33066907387547e-14 -2.753353101070388e-14 -8.903988657493755e-14 -7.616129948928574e-14 2.531308496145357e-13 -1.989519660128281e-13 9.425793479067579e-14 -2.226864526111427e-14 5.340172748447003e-14 -9.173217740965356e-14 5.164757510556228e-13 -9.14823772291129e-14
 0.2824970598566312 1.048651047603954 1.612584557835298 0.9561773017955124 -1.187856581836477 -4.044494395260005 -5.838966012842776 -5.197079235599368 -3.907322251596158 -2.752046988777096 -2.752695061326037 -3.708712754643874 -3.664128460831784 -2.527025365655749 -1.832708071131282 -1.993923106873979 -2.624705499965952 -2.867762244297597 -2.173642987502514 -1.291653153846842 -1.239458967506147 -1.677209984428383 -2.072313790581001 -2.382112871872769 -6.490453476085657
 -1.366421723055508 -1.270900543416525 -1.10173873815009 -0.7276833886807537 -0.1574554807264203 0.5670072244930303 1.231523308330117 1.563990653709109 1.210597925916395 -0.9571605610585436 -4.333713612453018 -6.530928400748293 -5.381760404045394 -3.104269831496115 -2.281123550449225 -3.034406681775887 -3.972819873855504 -3.946423047476043 -2.997592071777762 -2.50760969119935 -2.339110965036193 -2.04305369447208 -2.41846732689987 -2.801927868177685 -8.326664706160479
 0.1426840792061308 -0.4130046316342085 -0.8430215468199441 -1.07621506503398 -1.116868856506269 -1.070484810825569 -1.029851305245352 -0.9360325516634874 -0.5807919293810446 0.1698240151401138 1.134782826413373 1.894986937217295 1.715584228925223 0.7960728372772203 -0.5716471156822531 -2.215898047096005 -2.586500580923435 -1.596079839497497 -0.6176091602866856 -1.046883413147366 -3.3463421264407 -5.087824680380729 -5.727505197987061 -5.802322465085299 -13.61784840016787
 3.012090130637469 3.458588129443125 5.072717666935017 6.549239740069169 6.344697823026422 4.609204629318024 1.817757846231274 -0.4637449256689092 -1.76012085974456 -2.397237337886605 -2.539381003064625 -2.335349613893211 -1.603753456906313 -0.4621321777051435 1.34624975719644 3.871947424438051 5.716054930457233 5.65710476058729 3.126479648431169 -0.3109130989385359 -2.259994436005142 -2.272099680056009 -2.373205824416731 -2.155124384181551 -8.698372377611786
 0.921428289753825 0.007510840956114873 -0.1843928420851211 -0.8408116866457882 -1.866333106811966 -2.085198869102962 -0.6049238660939165 0.9616515345458148 1.863205871829712 2.036793544317589 1.384325591421568 0.368181000461602 -0.5312346798974863 -0.9235123634527359 -1.012340443831173 -1.025574857367048 -1.044049502952956 -0.9545318670981014 -0.6268649433590795 -0.02200887722960987 0.7399600896485583 1.533426639968538 2.626011803454254 3.707344479687212 5.35861532086525
 -1.222668836854068 -2.039327838367633 -2.842215629152638 -3.968343560077442 -4.352878283662004 -3.58925857762295 -2.484994080084991 -2.787456652350418 -4.610852504593852 -6.031816598166003 -4.758331425885444 -1.422301436273625 1.433499840194708 1.927636362391668 1.473945343761118 0.7968704872644634 0.02536575605390445 -0.5896365635868663 -0.93652306899655 -0.9976587495203653 -0.9587900785844446 -0.9880394754709056 -1.041466388541972 -1.058722784478246 -0.4232847248809815
 -1.164818490215536 -1.715653453398607 -2.665430329561164 -3.370628237326329 -3.111378648981627 -2.371662541398189 -1.977609928017517 -2.374841871741152 -3.262958828653756 -3.642920063000048 -3.033659095946765 -2.423304754846921 -3.200042933493642 -4.417248729327827 -5.066815534216462 -3.959306075169893 -1.10483264412178 1.659980613790639 2.86976873041673 2.361136282483962 1.319439194852603 0.4897357208522028 -0.1104256042731855 -0.56735243513296 0.212076724750625
 -0.529545584585513 -0.737568033338926 -1.492913265784925 -2.026644832003983 -1.8228007634116 -1.353705783759924 -1.148453146009175 -1.3430368480194 -1.734916889104372 -1.812609928250614 -1.459248390466495 -1.451318940289979 -2.125159525360432 -2.595676653296703 -2.701729080173974 -2.418354345615557 -2.462746341241078 -3.767972618846129 -5.519450136797021 -6.105110347703831 -4.762367365569897 -2.864597542567161 -1.058999541059946 0.553760746727602 -1.026477862923143
 0 0 0 0 0 0 0 0 0 0 0 0 0 0 0 0 0 0 0 0 0 0 0 0 0
 0 0 0 0 0 0 0 0 0 0 0 0 0 0 0 0 0 0 0 0 0 0 0 0 0
 0 0 0 0 0 0 0 0 0 0 0 0 0 0 0 0 0 0 0 0 0 0 0 0 0
 -12.22225315811801 -14.30446113631809 -15.10658307171348 -12.03281366917504 -7.452348741187405 -5.257608400643281 -5.262066806086254 -5.446650398593905 -4.978807979902643 -3.578166429564626 -2.743900289482931 -3.220745340058705 -3.411197050769899 -2.602704014298045 -1.975626124929162 -2.044671928492745 -2.673600828526919 -3.021455076907599 -2.361737535777655 -1.409057473553145 -1.25367038114254 -1.607420918302625 -1.942868873726456 -2.235529137613487 -5.088809714514187
 6.388162907740898 5.59864060062305 4.191910010347352 1.39058564834378 -1.309690781891664 -2.766298040165356 -4.339678488179017 -6.744727550823329 -7.589971680478852 -5.843233828502857 -4.636622924193335 -5.732865293625708 -6.112848221000806 -4.767217799723988 -3.785806701738649 -3.86096684931646 -4.859078908523358 -5.41934760502392 -4.461038742736235 -3.249074342789699 -2.504208563190314 -2.302165619658987 -3.015893218211565 -3.818826277127572 -5.033541001365297
 -10.80032610103358 -6.767174121749705 -3.031554169953863 0.413633323675036 2.035578691781284 2.202887096173295 2.426698953509475 2.661638604532254 1.871687179169403 0.3665808065670793 -0.3104269211947055 -0.6927758415349704 -2.55970090317498 -4.636608206530195 -5.546131237438278 -6.151101743089301 -7.703952100108449 -8.325862199628379 -6.316898231529954 -3.992641821932405 -3.789277621742294 -4.642880108775117 -5.43227544347725 -5.918025296303949 -7.963575971794119
 -3.210508996402625 -3.538858209843171 -4.615817482267834 -5.558136309390634 -4.874110645837328 -3.349053730437364 -2.447988010917665 -1.161258234767475 1.038644107185617 2.282816204626992 2.025451831566299 2.230883025554931 1.862063522015951 -0.2402689445612693 -1.96347213163297 -2.722461102527953 -3.774619291285522 -4.743243643915148 -4.351514827665379 -3.336879033452558 -2.865875792214894 -3.188914005113084 -4.179042764230537 -5.114126769289046 -3.519189582890744
 -3.758574697729887 -4.698817529379982 -7.282878644053844 -9.49254158211324 -8.971349936270119 -7.165289250571549 -6.362972668916283 -5.635585106241499 -3.881960400073583 -1.803512579892018 -0.7578956589592453 -0.2317253077094581 1.255483007210055 2.420094425649727 2.373384333324486 1.97119063008469 1.808438730820261 0.7906015337943826 -1.553543741562549 -3.4473978495475 -4.468553358973779 -6.455624173916227 -8.899789070645253 -10.51149339539357 1.491101127693665
 -3.732440194312834 -4.654054887170942 -5.747918321120267 -6.637052634684984 -6.041622070855857 -4.583267061650958 -3.781931678444519 -4.301707831842235 -5.476880297121729 -5.69879005564422 -4.737690666622506 -5.342629935299527 -7.506709700703514 -7.189751782365258 -4.879335793312149 -2.986452222027952 -1.728396337935943 0.4006969661328377 2.60079642182256 3.197760980359184 2.98046810690157 3.186220660033616 3.280144280358863 2.385083613884301 0.1215731382189457
 -1.461497798427184 -1.919372423982477 -2.865571763239573 -3.531260142419553 -3.159077094412382 -2.348976287613799 -1.976283279782446 -2.30060628253228 -2.934411857080203 -3.044816730769953 -2.582966363529615 -3.041029025808134 -4.599377994314774 -5.173445046254339 -4.870161357456415 -4.482690256204054 -5.391430396008816 -8.116981596003736 -9.769911511857707 -8.126979176070041 -5.953263380251009 -4.680047154743169 -3.150092149444802 -0.6262883269116655 -0.1748115961134764
 -0.6876948250142849 -0.9756314855971866 -1.80698303281383 -2.315049323922628 -2.002968450005435 -1.460755611014056 -1.264638369928053 -1.469847866974382 -1.816281494300741 -1.816279847772924 -1.516636644924805 -1.751341412650396 -2.581514193480833 -2.853521985425123 -2.710262973613808 -2.686193501954586 -3.652487979344198 -5.835621886153469 -7.339007881461746 -6.86886117938096 -5.474649009088405 -4.847964219575822 -6.000546172956335 -9.523375022790992 0.5162894450159208
 0 0 0 0 0 0 0 0 0 0 0 0 0 0 0 0 0 0 0 0 0 0 0 0 0
 0 0 0 0 0 0 0 0 0 0 0 0 0 0 0 0 0 0 0 0 0 0 0 0 0
 -0.2300428734093543 -0.2142732533202287 -0.1963036641933691 -0.1699807067291459 -0.1441579586997744 -0.1271963952313813 -0.1330087476871886 -0.1460961587042844 -0.131439479980729 -0.09509835182891274 -0.07124158754452047 -0.08195249243982822 -0.1192986830542439 -0.1396160080910556 -0.1322401404411425 -0.1224494060426202 -0.1329529206043943 -0.1479401226835834 -0.154256185410233 -0.1422260987152713 -0.1315542916761823 -0.1388567232598809 -0.1500877530253718 -0.1633834426349304 -24.06573231033231
 -2.657429831742775e-12 -1.332267629550188e-12 1.045830089196897e-12 2.806643806252396e-13 -1.302846719397621e-13 -4.103384299014579e-13 -1.243449787580175e-13 -1.012523398458143e-13 -1.110223024625157e-14 2.153832667772804e-14 -1.332267629550188e-14 -9.237055564881302e-14 -1.249278458459457e-13 2.331468351712829e-14 4.973799150320701e-14 -8.526512829121202e-14 -2.131628207280301e-14 9.414691248821327e-14 3.483879851273741e-13 -2.078337502098293e-13 -3.907985046680551e-14 1.041389197098397e-13 -2.763900219804327e-13 3.03292113645881e-13 1.012523398458143e-13
 2.575405223677646 1.825165717175411 -5.972668401986656 -23.88663822021788 -49.22276173163606 -70.41670297358567 -54.80701331667859 -19.56245477069294 -4.241284662517684 -4.01015979601675 -9.843574954316518 -12.83451638349827 -7.457140793471848 -3.343554851068385 -5.947913189864555 -9.391252686801616 -7.537613157589796 -3.087060068994108 -1.187335827142177 -7.238483637130798 -16.22855652145119 -14.16656616680925 -7.077740548890063 -2.128302327650715 7.134667090061204
 -6.254243533412392 -2.318781937715694 1.935569066993777 6.721947168737359 11.43025529702575 13.87136611705469 7.893950882789113 -4.165950533602774 -16.87621658982003 -27.96429065249994 -33.48050515943873 -28.94045663489473 -15.50730968436929 -13.80119649442185 -23.63824343828469 -25.28918847608495 -15.37487499811204 -6.982104513734439 -5.159733704695775 -5.319395997165765 4.477524870112923 2.261636492658273 -5.043432334527369 -3.821484196973362 6.10345476295372
 -23.97429139259365 -18.26388287196859 -13.03595362239243 -7.826292410624521 -3.512276659138296 -0.264900420584561 1.957618446945248 4.360814534359938 7.003794941356213 8.623344338648455 8.334680496185134 3.359368310364838 -9.731597693651157 -28.29135772648401 -43.32847661199633 -35.41464525511047 -19.29530080826892 -18.33535320365851 -34.80147277318894 -66.61308571228054 -79.90448892597645 -52.38802642539383 -21.98639113206179 -7.039384939368792 11.05296261130135
 118.0685501711384 81.14934336888803 51.53208459857275 23.59187163665679 -2.016703478796327 -27.93618993666959 -48.90320856915407 -42.72086649631919 -25.77402808306924 -11.82769699798165 -1.78698217673996 8.336106265133184 21.18155040505126 36.87555469533423 48.40465166460879 38.05086742838542 13.88761851476792 -11.1878739591234 -33.26496280915387 -40.12906079093069 -16.7583015917221 -7.733048005856336 -9.835504753692591 -6.877701047438488 1.83314665587197
 114.1792461977044 69.12465117629718 41.21351879053621 21.27678056850697 15.2101645860263 27.11964888554393 44.4370752052426 35.093096275677 15.41567561199287 0.6684336929654426 -6.794404078512501 -9.513819792596335 -8.620388500682516 -5.800990781359645 -3.134812151300836 -1.077465498558598 1.761264003966146 5.794310911191885 10.26644179062665 13.55404459806067 11.04839859580389 6.421882981367334 -0.2157944169334627 -14.87979024069776 -42.86864040013597
 29.48981575944675 12.2087070525518 6.097987925626999 5.011413722710881 11.80579152056432 23.94123000543112 28.73116932326582 18.17657241044357 13.69287609945117 21.50705841957815 30.81087722160682 33.45392087667494 24.2182667112821 9.416227441216868 -3.715933171272368 -12.29593785163418 -12.50170004580291 -8.604265498542356 -3.967555303650688 -0.4650386844910086 0.2541146442350186 0.2978189500261785 2.056808070593368 5.525771016855956 9.750383849879317
 13.069110227955 3.825991569693286 -0.9548084005365414 0.6332801156785335 5.190356726211542 7.942709918506244 5.650958511581762 2.105294629161472 3.695925818088855 8.530942105498861 10.79927475838063 8.481798581378987 4.405518221207605 11.9354190922421 37.70488602132934 62.28729025418993 54.35149643811312 31.37645319922323 8.532210783890172 -6.990858753516498 -14.28038475112414 -16.39880582810749 -13.79948122805672 -9.304311067295405 -6.279968028950988
 14.00633614942519 7.222683346672867 0.4868530788353483 0.3514396218795692 2.763894336029944 3.57259423666182 1.787170177797313 0.4233941235296739 1.737611843272758 4.103702803601967 4.200642494814136 1.396109349149661 -0.2722776471626847 4.374224258955435 14.33140747103522 19.43300102318522 12.67480873568123 7.830196764552233 16.09351544857288 42.70046479763716 73.45366692671477 82.68364482823753 63.10869191915404 35.99352969126699 17.92772101320236
 0 0 0 0 0 0 0 0 0 0 0 0 0 0 0 0 0 0 0 0 0 0 5.329070518200751e-15 0 0
 0 0 0 0 0 0 0 0 0 0 0 0 0 0 0 0 0 0 0 0 0 0 0 0 0
 0 0 0 0 0 0 0 0 0 0 0 0 0 0 0 0 0 0 0 0 0 0 0 0 0
 -43.46687478570858 -35.52865293430908 -19.23214645683026 1.557882619860461 5.374987329137302 -6.401193871284123 -12.54663150352746 -3.480560622470918 4.880359665368592 5.194068165446625 -1.383446820009812 -6.585332009491569 -3.921900558288183 0.250836537909353 -0.9792373575661025 -5.365001582930002 -5.750306357679193 -1.956733057758394 0.6257259691029252 -4.341439090496771 -12.8501319333364 -11.4823839843451 -5.702059910993869 -1.56264612344744 5.82238757060348
 42.15149126341528 35.35645031782746 29.7610285459086 27.96109681335395 37.60918818885228 48.64922345726235 38.87765139354805 23.31337961653762 20.86361290020073 15.60057088063514 1.395894050093148 -9.124037238767571 -3.786106709671276 4.642423436917768 3.637145108924257 -4.793803667576825 -7.358894703577667 -1.713905997018978 4.12815414047069 7.03392659230506 11.10763570718399 3.489708096128887 -4.842522302324309 -3.166712315714031 3.218970791670852
 -113.3007436658634 -70.58753010809885 -43.14512688339168 -29.14961435906177 -25.94618206744865 -19.53527299683034 -2.64461523820496 9.23276965469112 13.69200252698861 20.79431904790791 29.89990782270277 33.0107802661902 30.92233264970194 35.18863387025743 34.54871132070998 13.58071319695657 -1.6575840101263 1.239955614087932 3.646517661728289 -10.93088887627275 -29.35509207682227 -25.70562511654137 -13.41817415779219 -3.644303242653363 7.468198690814878
 4.893188416365359 -1.462475379176271 -6.377572080525147 -5.031712651305372 -2.117772388382154 -10.32582746468075 -26.96254085682932 -26.66730414669446 -19.99716205546781 -15.82623400999922 -5.123431329936126 10.40617772143831 17.55919863162298 22.72570096064334 30.00111965584492 22.371623799051 8.794496601620086 6.497594370855245 9.568278714521751 9.386492409329625 4.919661324652721 -1.891988016802777 -5.705279980936259 -2.344817587770202 2.074572077045841
 29.11933748036473 8.82993533463218 -7.352318389243416 -6.427142392073586 -0.8652858756771735 -10.94045684073186 -34.16630995532585 -37.87611622968247 -30.60895222227161 -28.4375011585283 -29.40363307553009 -24.89869018394975 -15.87853034606614 -11.55924559068024 -4.07491086914622 12.31028582106217 22.99369736322891 26.82859298422374 35.49822459666591 50.21485603158776 41.57971491722216 16.78452366491718 2.617241979902637 4.961921625419061 -1.109163474428941
 -13.94735649169055 -15.56453287266201 -9.301380087281935 -1.465007905959455 7.769974844879328 11.73062322547918 5.134496309439029 -2.083231019032973 0.3767560645800012 6.214511404155671 2.488984034050417 -12.7362792709951 -22.90313308688758 -22.99171679709734 -33.05327133693527 -47.49372308058682 -41.91003236979709 -30.34038789773567 -26.96886592791603 -24.91840000034502 -7.031473588830011 13.40632628368258 23.2780996165538 25.47819742670454 30.96488187906967
 6.314763464348045 0.3935472833836028 -2.964061341343921 -0.4427379263155293 4.251001511072884 5.819171460194135 2.179293494044706 -0.7815626228604626 1.301104588539959 4.849174331201225 3.547473928769593 -3.559203005583149 -7.318835567161408 -1.044444881812607 8.02052077599221 7.365106802112891 -3.588583288099894 -7.123528816057402 1.110351044427379 -2.006467680316902 -31.97896784451813 -51.24558793355574 -44.46012676856967 -31.08043666374835 -23.33955562718581
 9.643037308632264 3.704139373972441 -1.624587690358245 -0.5146655963407705 2.278590230494215 2.541098401664589 0.06051643755796682 -0.9555764817882094 0.8887643142606806 3.069750205418382 2.26011757199619 -1.487338188827356 -3.10663530124421 0.9237345809559329 6.092040072230325 5.155257235001701 -1.023042837131086 -0.7925117174225669 10.26167381047405 25.07848161273136 30.74256546635709 20.14128343701843 1.397068792111876 -6.77371867274582 -13.82854989817981
 0 0 0 0 0 0 0 0 0 0 0 0 0 0 0 0 0 0 0 0 0 0 0 0 0
 0 0 0 0 0 0 0 0 0 0 0 0 0 0 0 0 0 0 0 0 0 0 0 0 0
 -1.463248043421837 -0.9698925721790074 -0.5211096840347622 -0.09518401501319122 0.2131978225549247 0.2740579178910135 -0.04617325139135331 -0.1869770647709309 -0.05234314073221197 0.03687795395646282 0.03159454738218443 -0.02453404405454188 -0.0230920577624916 0.09537712180979113 0.05429199138465607 -0.2563570779973368 -0.3161877514021618 -0.06840512649873436 0.2693215605520751 0.4465370305969656 0.09920958061522422 -0.2995507603812345 -0.338672161201601 -0.1113633197013699 29.7425531034663
 -5.079270337660091e-14 -2.464695114667848e-14 1.176281294590353e-13 7.405187574249794e-14 5.687117443642364e-14 8.401612738850872e-14 -4.04121180963557e-14 -1.13242748511766e-14 9.520162436160717e-15 3.996802888650564e-15 2.475797344914099e-14 -6.106226635438361e-15 -1.892930256985892e-14 -1.043609643147647e-14 -8.049116928532385e-15 -2.325917236589703e-14 -1.892930256985892e-14 6.983302824892235e-14 -5.440092820663267e-14 2.459143999544722e-14 -6.012117886866619e-15 1.201122534766341e-14 -2.209343819004062e-14 1.369876434509365e-13 -1.865174681370263e-14
 0.3459005951836346 0.5837576173151249 0.7865434732597277 0.660237098880565 0.1124046909312044 -0.6456345830932603 -1.182879396784868 -1.121293264574425 -0.8576533155558316 -0.5862024001630249 -0.6092608865197053 -0.8930384312557239 -0.8844914890084037 -0.5728589344525927 -0.3924860776195881 -0.4475665817461691 -0.6303841274280322 -0.7034887104554185 -0.5111522161494715 -0.2686938879724929 -0.2609380662525216 -0.3887201303234929 -0.5020417223160796 -0.5900386133000617 -0.9749964750619492
 -0.1960449821662209 -0.184140762186902 -0.1455068594279528 -0.04527483463275644 0.1145313814759136 0.3238136562467283 0.53669789712267 0.6799901577772931 0.6375144321452251 0.06464679782040705 -0.8964012255175686 -1.545802346922572 -1.247002940776888 -0.6418109660934623 -0.4389288052452179 -0.6552192802930091 -0.9217128448624666 -0.9223564343053854 -0.6623549875495554 -0.5330031552929378 -0.4996576407067814 -0.4384104297162064 -0.5599394882708238 -0.6720501025345461 -1.159456966747149
 0.2975204247865154 0.09693092673321255 -0.04670106415193302 -0.1267736711414222 -0.1472941107034494 -0.139274378181288 -0.1295078335698172 -0.1036027152876879 -0.004104765009560973 0.2126747478606343 0.4977457041188788 0.7264034692455924 0.6880030708907401 0.4529545653764585 0.1129028367342403 -0.2953014558050233 -0.3741211745984225 -0.09564937328858093 0.1630986358614418 0.008893260947033327 -0.6668253743552729 -1.180026385539988 -1.377365994061819 -1.413629395408235 -2.020732104806781
 0.7531767488565908 1.057776045951387 1.569641250120058 2.006753638477315 1.948407338819085 1.46319466580801 0.708972033907421 0.07536997591076305 -0.3047969616939544 -0.5038651543462396 -0.555218848713562 -0.4991581200212247 -0.2887654059052546 0.03290661943585071 0.5335183474281876 1.238099882898359 1.779211904059483 1.793183402032541 1.092891786152606 0.1222776377112642 -0.4384119538154539 -0.4707667745994971 -0.5213491667316964 -0.4703630093034479 -1.02251104184767
 0.2902212231868268 0.2454647067157035 0.2640449432614378 0.1092744768663389 -0.1753297459093677 -0.2680571809726923 0.07462123477220572 0.4710519812592596 0.7158519246547008 0.7678980861108597 0.5791403596506055 0.2807885438749931 0.01806599469480749 -0.09601901634074923 -0.1237180467135555 -0.1291352127645533 -0.1327685810130185 -0.1022687894428173 0.0001044898813904842 0.1839789618462525 0.4152082846546037 0.6593915971692303 0.9881935980517537 1.30424071216064 1.383434790516069
 -0.2359334875004401 -0.3978939137729672 -0.6041279062182111 -0.9147369007482185 -1.025081290555084 -0.822956535651383 -0.5223831193536366 -0.576178339066144 -1.049399515960009 -1.435602092962299 -1.061773379924894 -0.1021093790221952 0.6908244449216633 0.7891841832730266 0.6210007322899588 0.4040947133640065 0.1748576220261119 -0.004239644514331065 -0.1033642857122098 -0.1190117544815495 -0.1057845365635646 -0.1123631522454792 -0.1247528157365418 -0.1240223249197187 -0.0002348635119587827
 -0.2429400161370123 -0.367636248346833 -0.6258028205180476 -0.8277988324883773 -0.7600876027788563 -0.5530472761515401 -0.433265736894661 -0.527368401443863 -0.7697680784821122 -0.8831548746183049 -0.7062891928687455 -0.5126244366961387 -0.693942346442841 -0.9719210832265526 -1.077123865096181 -0.7284163048826759 0.06215090041006999 0.8127567282630146 1.113084547825099 0.9222985062389432 0.5921527983605039 0.3313376372682482 0.1459964442719938 0.009486118408806633 0.04682921861835156
 -0.1068746058123837 -0.143275765982909 -0.3460188803709942 -0.4979616454134582 -0.4441785739660433 -0.3120140917922668 -0.248143716881112 -0.294889556172335 -0.4038267461666949 -0.4305378139533961 -0.3288021268957461 -0.3166048653032256 -0.4866152015562066 -0.5865971028973316 -0.5839419740448986 -0.4901375861029436 -0.5004416745965934 -0.8596613899555823 -1.328391758220581 -1.447649499625485 -1.018934465436086 -0.435175121476805 0.09375668271263411 0.5356275507667685 0.482545014205873
 0 0 0 0 0 0 0 0 0 0 0 0 0 0 0 0 0 0 0 0 0 0 -4.440892098500626e-16 0 0
 0 0 0 0 0 0 0 0 0 0 0 0 0 0 0 0 0 0 0 0 0 0 0 0 0
 0 0 0 0 0 0 0 0 0 0 0 0 0 0 0 0 0 0 0 0 0 0 0 0 0
 -2.421859668309831 -3.211263835463363 -3.623474807911682 -2.91415509273962 -1.705868285994734 -1.115756429892231 -1.139965316425385 -1.252315485644458 -1.193762005462162 -0.8501812396838758 -0.6306951643717795 -0.7696209605827821 -0.8206349813729246 -0.5961586952300841 -0.4333420644692985 -0.4662517530508651 -0.6516453340153404 -0.7548458554947166 -0.5712558612855617 -0.3071435149591789 -0.2690538597066039 -0.3728943538109015 -0.4703681932028207 -0.5540103382163919 -0.8095797376196671
 2.257353793587034 2.149974072426475 1.80916083574045 1.029750410357586 0.2266769911364093 -0.2560941276951627 -0.7495555918197268 -1.457533386194426 -1.762767013460138 -1.332377989815747 -1.010160925432688 -1.327622749438138 -1.434811068541365 -1.067250457775328 -0.8225034784995652 -0.8775005289398824 -1.18132613895258 -1.352652628390591 -1.087976665215971 -0.7517357964306255 -0.5540307921058377 -0.5140363808464002 -0.7257495443271237 -0.9519012448631744 -0.9697961155136789
 -2.157699403999281 -1.212329205782253 -0.2056476699327621 0.7799911074516637 1.275523332695261 1.352877549769924 1.414580682948289 1.473828570962193 1.260103396054272 0.8355765301520615 0.6292470282640685 0.5004005091649893 -0.06286337679630805 -0.6987345803503324 -1.033324807176947 -1.29630251746676 -1.796890192616231 -2.007324216300295 -1.46151586623377 -0.8309554058043923 -0.8011794981517097 -1.066517452320402 -1.308686765479766 -1.457851197487491 -1.469359164879224
 -0.6822350272878479 -0.7521716234258227 -1.043437432548288 -1.309071412020232 -1.114028519124869 -0.6562139496972662 -0.3395366908716824 0.06230746610169152 0.696825992993566 1.066610280128105 0.9972044002764499 1.047175139822566 0.9255075704959077 0.3131954241532582 -0.2020753786767193 -0.4676610300644031 -0.8072082230916262 -1.1036550149847 -1.004077036736799 -0.7280822627473921 -0.6102872195239629 -0.7172727818042005 -1.007974316829128 -1.275001684326302 -0.9356095996989361
 -0.7983653698158333 -0.9904421306504456 -1.680413031558044 -2.29530002673654 -2.137898991716364 -1.577872905439684 -1.249662704317356 -0.9657036762754279 -0.4322349634012792 0.1885805107620078 0.5124983827140538 0.6747368237304259 1.098987272329556 1.423091494652079 1.410227522653609 1.296480916583699 1.231950936893893 0.9147048827308002 0.2220383696080133 -0.3401345653103649 -0.6612527699636697 -1.261829526135367 -1.995845882392457 -2.482454006292451 -0.8344499353314955
 -0.8201215404206522 -1.079132472252769 -1.395553187533247 -1.659769502591132 -1.501893044521969 -1.089144042400668 -0.838142583799833 -0.9447064471722781 -1.256795873155013 -1.325981960527577 -1.049143809780828 -1.200198407898935 -1.768775176977759 -1.620327452472681 -0.9252686596209589 -0.3415219546942564 0.07871846538606753 0.7318484716467877 1.382238648955885 1.558355318874939 1.500140092620551 1.556508323021458 1.576415676012229 1.308814829772447 0.5829103093350599
 -0.3135651649367857 -0.4252422872372261 -0.6864408963344065 -0.8796557804957661 -0.7809881248918006 -0.5523501975368851 -0.4349176082142941 -0.5091815441036894 -0.6834180529066392 -0.7227625019205784 -0.5912340976509577 -0.7076711684506064 -1.114999417702248 -1.223704864996656 -1.089286654934668 -0.952578136345159 -1.18869951921582 -1.925550931538245 -2.334929330479147 -1.799411890572771 -1.127246622397999 -0.7272579548459643 -0.2622523279518303 0.4721929879961762 1.010044185385827
 -0.143960948623359 -0.2073753931886311 -0.4334988581719799 -0.5799143034535071 -0.4964095700630186 -0.3429165513793866 -0.2799450719594001 -0.3303440834075851 -0.4294675978050532 -0.4374504869964524 -0.3534089275900446 -0.4121322864711861 -0.6277240653265516 -0.6760943016692373 -0.6118977830546831 -0.5936148847530069 -0.8573251227338915 -1.455986426890977 -1.84508303992655 -1.661462170408994 -1.221367259680644 -1.003761096923976 -1.289689955750386 -2.217989769454525 -1.41177649243832
 0 0 0 0 0 0 0 0 0 0 0 0 0 0 0 0 0 0 0 0 0 0 0 0 0
 0 0 0 0 0 0 0 0 0 0 0 0 0 0 0 0 0 0 0 0 0 0 0 0 0
 -0.03232739295280186 -0.03122794353909986 -0.02806921594610624 -0.02184180191209975 -0.01539798505696678 -0.01097804262362865 -0.01202970997637368 -0.01495369107418049 -0.01064384956665953 -0.0001929457834716729 0.00682829880549872 0.003703393113045982 -0.007226125518515002 -0.01335905244884644 -0.01192938562244855 -0.009684080911415939 -0.01252565384191257 -0.01639360223521398 -0.01763499297692149 -0.01388170739652194 -0.01049624185061799 -0.01254137390319473 -0.01564135688279973 -0.0191024823903653 -3.68143502485552
 -2.750577543508825e-14 -4.729550084903167e-14 1.728617249341369e-13 1.16379128556332e-13 7.843725668976731e-14 8.00609578632816e-14 -2.363387263670802e-14 -1.093569679255779e-14 8.43769498715119e-15 3.302913498259841e-15 3.080868893334809e-15 -1.554312234475219e-15 -1.323940956865499e-14 -7.494005416219807e-15 -5.495603971894525e-15 -1.654232306691483e-14 -2.381428387820961e-14 1.092459456231154e-13 -8.398837181289309e-14 2.614575222992244e-14 -2.192690473634684e-15 1.030425744730223e-14 -3.10029779626575e-14 1.958433415438776e-13 -5.639932965095795e-14
 1.070451101532576 1.994451662896039 3.123316029646494 3.740362923767412 3.316194152094369 1.689467528066827 -0.5022894506940904 -1.02470983667564 -0.5469781930180815 -0.0323817199769422 -0.02484377267823264 -0.494585736914148 -0.710171242965664 -0.4153110493447759 -0.2379824969532653 -0.5009646286323464 -0.9214935130484055 -1.022581117913478 -0.548569404093426 0.0392295741132159 -0.006727241538591361 -0.4786205849127692 -0.7325791500944572 -0.8657736673480156 -5.058370319150078
 -1.015059067604063 -1.131391699551684 -1.129283865694693 -0.9313354076034919 -0.506421217700429 0.1973047737078948 1.096310478150333 1.775481703622682 2.069032501537015 1.582570385567675 0.3992474946348441 -0.7515563434130461 -0.8172676676828075 -0.171406506130045 -0.1175900985924653 -0.8500907247820397 -1.346192787876979 -1.144903816173301 -0.4411398970478754 -0.2081963624590607 -0.3530750714074826 -0.2762861688833874 -0.6830306042660679 -0.9303525708291661 -6.587681316466675
 1.052565630033195 0.01012481914297557 -0.635304114998464 -0.9738767464489262 -1.082494839401347 -1.061207576302363 -1.000135025046147 -0.9052451842323014 -0.6755589312134977 -0.2390779777131871 0.3967220682541863 1.140004904893653 1.646606020679413 1.659354247912377 0.9772229797812753 0.1310346901417573 0.4894878315824833 1.698852530712451 2.754236517333696 2.62063836443257 0.4610533855655898 -1.518264979721635 -1.977069554811738 -1.908150238499295 -10.24074747827731
 0.4211597086667758 2.924702908667564 4.496390449171661 5.252226662613866 4.7994827348938 3.514880793856284 1.450881391982127 -0.5769558361763959 -1.623831494012804 -2.021492922590512 -2.129298032595651 -2.082515767218994 -1.753727761707355 -0.9740998094273567 0.6400124275695612 2.804922429209549 4.376713177259561 4.895488482270858 3.877309714861902 1.77609007155709 -0.02007988520387937 -0.3649301282256305 -0.6666592507633604 -0.5099913393811788 -7.165447947696822
 0.132727140928716 2.050809509072251 2.661694377936045 2.172714423284826 1.064242504315635 0.2043138118734702 0.6500188155896631 1.590735806236646 1.781301779453888 1.378063989431032 0.6865501507285892 -0.009381780634455023 -0.5628424941881379 -0.8526440309266339 -0.9704482326461895 -1.039608678936675 -1.084714966255216 -1.00802738457749 -0.70548045078465 -0.09162584100838903 0.7945154866995322 1.749649825203824 2.949754779532262 4.19984330899732 6.701256617078202
 -0.172891707453497 0.03485540197668535 -0.2743899817135245 -1.014331571229045 -1.462278296385254 -1.222939293972121 -0.3835833857045653 -0.04928051060261369 -0.5515647819970626 -0.8316044575761405 -0.101224881383151 1.201769652503527 2.165990729970676 2.06032456839118 1.422436861391468 0.5544350782334837 -0.2602439690056985 -0.7923881667775401 -1.049322374848344 -1.061942238137475 -0.9762912708380228 -0.9842194006824397 -1.034103400882256 -1.020962305081395 -0.4418468138384616
 -0.1661974534545144 -0.1745496485875476 -0.6845044953910874 -1.168826938290258 -1.105931056727783 -0.6816030161437359 -0.3139987998560863 -0.3523439041684599 -0.6049933877048651 -0.5762909666481358 -0.1903665061419269 0.0566060815344943 -0.3057551587428624 -0.855455936350194 -0.8125779004378499 0.7626109053099316 2.824831618435579 3.997576387849758 3.925864196324021 2.867249143563584 1.590276309396591 0.521776634320634 -0.2435348476249527 -0.7063700689373422 0.04946255130236106
 -0.08572172482451412 0.06381001239216751 -0.3452356163661754 -0.7219339011212497 -0.6572047122912975 -0.3761748450417716 -0.18815653396785 -0.2245447041691541 -0.3416112545997113 -0.3026229186078548 -0.1089243999262941 -0.07476745203821314 -0.3479203360088693 -0.5667436953220919 -0.4778526686282912 -0.006208284051663317 0.05009220563804154 -0.8424278659773164 -2.041935922117864 -2.538058203973309 -1.292398981955554 1.109679909050459 2.941246124802235 3.576947709537183 0.9686218203562406
 0 0 0 0 0 0 0 0 0 0 0 0 0 0 0 0 0 0 0 0 0 0 -4.440892098500626e-16 0 0
 0 0 0 0 0 0 0 0 0 0 0 0 0 0 0 0 0 0 0 0 0 0 0 0 0
 0 0 0 0 0 0 0 0 0 0 0 0 0 0 0 0 0 0 0 0 0 0 0 0 0
 -1.850432939600251 -4.043035823210515 -5.448997237647999 -4.385685311318227 -1.928486855931432 -0.5731869174917639 -0.7424869126654432 -1.099571059496051 -0.9485504241165729 -0.3861401985304981 -0.1099020514988058 -0.4163894599971477 -0.6988475079711083 -0.5104883185347631 -0.3093340567471962 -0.4865939691052222 -0.9455735714900387 -1.155762880089287 -0.7269502291330397 -0.09677595293435115 -0.04779371472614162 -0.4358643069018814 -0.6677362825452527 -0.8173802394344601 -3.783336372513401
 -0.1786129310661679 0.6274143656012674 0.6991072626477972 -0.2956614340748596 -1.356849146771011 -1.382625542024237 -0.9202514970949829 -1.281867502158918 -1.407519897292106 -0.6296642856337987 -0.1970137582581493 -0.7730078418129005 -1.259943659051547 -0.9525389983433905 -0.6069546696536809 -0.8500723257794915 -1.625671856408227 -2.021600362408454 -1.464183515254605 -0.8169015203358149 -0.4507452346129819 -0.3227442242573059 -0.8730704186670716 -1.355122596417532 -2.891589403157867
 -1.645205601221877 -2.539680179501409 -1.935550501881526 -0.6417694537914054 -0.0705239641069535 -0.3991505201994524 -0.6836719951490735 -0.5124438124449818 -0.621578481346838 -0.9816702989082332 -0.9181850342814586 -0.6489704084880844 -0.9261382069368838 -1.310138877375917 -1.093513188641142 -1.201105737280193 -2.351082890109301 -2.838493720026384 -1.599320263650667 -0.1132778921594506 -0.188684230211461 -1.170914560446464 -1.794796490407353 -2.087685148232787 -4.798781464220617
 -0.4570765614098615 -0.5115128013347539 -1.18470520447078 -1.919329660717701 -1.681126023126324 -0.8038736136601466 -0.5536867414484322 -0.6922637724343556 -0.3518797839233747 -0.2741413537692953 -0.5887458714929338 -0.4272459012059152 -0.1884744735352546 -0.5514105369935703 -0.6426856552934401 -0.4799955557302393 -1.04849991482813 -1.675500639146213 -1.427572560150918 -0.7730216527869306 -0.4149501367122136 -0.5836958173817837 -1.22880585111649 -1.791832693826416 -0.834270329179512
 -0.5365438192860799 -0.3920352930863362 -1.777317428226032 -3.168427329323118 -2.869015750430675 -1.546157236368069 -1.078299373839575 -1.390749905924405 -1.200648460221635 -0.7715727790171404 -0.7773411543944087 -0.9768870938695389 -0.7121831696242379 -0.455632482977359 -0.6503901272002304 -0.6686478814480212 -0.334190987463272 -0.5685651214855274 -1.521100596001044 -1.833397469846635 -1.050971266464723 -1.254508661800617 -2.5033412226371 -3.462043279358062 6.921841851804501
 -0.4960637677960353 -1.14353444264144 -1.827517835380271 -2.456276872568639 -2.235589452378868 -1.355670647631065 -0.6494110855704324 -0.7205597602734019 -1.088403563525505 -0.9317512800915211 -0.3157265375248612 -0.3974787966382757 -1.316557642349938 -1.434752420846424 -0.9129083206994493 -1.0833515802921 -1.363934096205016 -0.654624995292727 0.227185394611308 0.08696842688824402 -0.5562098526933446 -0.402184285839404 0.08560793961866442 0.01376792110911751 -0.5517924805116663
 -0.2082818485634722 -0.3033599430306291 -0.8474741772056925 -1.314604334486062 -1.171138391587548 -0.6779842600531933 -0.3355050294863593 -0.4020557942913993 -0.5927933660413606 -0.4981190671899147 -0.1710436467948536 -0.2233781656447714 -0.815286917409118 -1.093468430173548 -0.8482335008178155 -0.4690062825764066 -1.055580470631316 -2.730914398816765 -3.564007330595781 -2.261552135055855 -0.9938904327922171 -1.363823508747473 -1.700990734166712 -1.010538507383824 -2.230392222085236
 -0.105814881669509 -0.06870793630060959 -0.5317606302378238 -0.877786382677561 -0.7309678596992492 -0.3893156704392394 -0.2086048970094583 -0.2721243520596094 -0.3752977735967394 -0.2957867550586289 -0.1027260552486144 -0.1447070846466916 -0.4795266955488902 -0.6168947410531088 -0.4735438675136969 -0.3317808972095302 -0.875753893380441 -2.14226364314493 -2.918482363860088 -2.44703753778089 -1.184037460352393 -0.2920870585459079 -0.8109083299634219 -2.742170498325623 7.699099458837025
 0 0 0 0 0 0 0 0 0 0 0 0 0 0 0 0 0 0 0 0 0 0 0 0 0
 0 0 0 0 0 0 0 0 0 0 0 0 0 0 0 0 0 0 0 0 0 0 0 0 0
 -0.1249621390377979 -0.1546157742144679 -0.1672654593881764 -0.162593856212409 -0.1470710182728668 -0.1264185253442779 -0.1161595433778529 -0.1234722971931325 -0.1222704497615384 -0.1109617379279048 -0.1027894005296883 -0.1051730678334818 -0.1170637423448983 -0.122388969252535 -0.1167005172948558 -0.1207970864225968 -0.1404920747041818 -0.1552561344183156 -0.1566018744966377 -0.1373176554143986 -0.1150440219519613 -0.1199132658025855 -0.1374522841923861 -0.1511256358395033 -18.76360361681949
 3.763656053479281e-14 1.892930256985892e-14 -9.137135492665038e-14 -5.88418203051333e-14 -4.372890938242335e-14 -6.455946888195285e-14 3.125277814319816e-14 8.049116928532385e-15 -8.493206138382448e-15 -3.219646771412954e-15 -1.942890293094024e-14 5.10702591327572e-15 1.484923295436147e-14 8.215650382226158e-15 6.883382752675971e-15 1.770805724277125e-14 1.415534356397075e-14 -5.451195050909519e-14 4.296563105299356e-14 -1.955380302121057e-14 4.129942915431783e-15 -8.892192537857113e-15 1.721539577559383e-14 -1.071503996641354e-13 5.384581669432009e-15
 -0.365672135579124 -0.5600351356154027 -0.7314464217119571 -0.6441447372147697 -0.2171800283364707 0.3789397804074977 0.8227624841656579 0.8049724144308751 0.6175079638350268 0.4149032223218643 0.439557649291371 0.6713100366948377 0.667186062395831 0.4222439144496744 0.2823855003260108 0.3292442118701996 0.4765970505133694 0.5352594478094115 0.3823233645388723 0.1891308335966317 0.1849287252587582 0.2895522377999288 0.3808102661608744 0.4501767843459891 -0.4878959440515553
 0.08568900686676846 0.08059408049397865 0.05225753186510619 -0.02617311173855483 -0.1535368997978248 -0.3216054156932199 -0.4980774933102958 -0.6224667837567772 -0.599893909043723 -0.1503936526067969 0.623128288027144 1.153320587922816 0.924336237150153 0.4524073112475468 0.2979754594637913 0.4729686461836817 0.6862156171853798 0.6870091885775936 0.4811488595567963 0.3803993348317405 0.3589391437278265 0.3148046825093054 0.4163852477698333 0.5062501397633156 -0.8299514267531668
 -0.3254707736850577 -0.1534801008281213 -0.03330928418095629 0.03443852061777952 0.05309197652969312 0.04780991098964495 0.04048021361420012 0.0196985949477278 -0.0593657967144819 -0.2337816548382718 -0.4648666648228738 -0.6515061529186247 -0.6237750450970101 -0.4408507149172986 -0.1781439254705817 0.1378170419165949 0.1954491435269818 -0.02761917415014015 -0.2305245766631587 -0.09643183154884988 0.455454024526399 0.8780995524967683 1.040674157289461 1.070448728732907 -1.036965631273889
 -0.5738251379102968 -0.8742469845045953 -1.300253832735289 -1.6591671095679 -1.61457740779645 -1.232407188971791 -0.6396499260007535 -0.1333033766081493 0.1732691228608216 0.3379051242160281 0.3815919818609738 0.3372537336234444 0.16811233213344 -0.08959029883716016 -0.4875517850896414 -1.049668185565117 -1.484898044470602 -1.499694165324812 -0.9419529675483804 -0.1593119363295752 0.2969014779452065 0.3314038600464774 0.3784648292400367 0.3395757279955383 -1.304486465022146
 -0.2363681205949296 -0.26529388121617 -0.3012201452123646 -0.1878806613476803 0.0373646859882717 0.1198346083309161 -0.1375787670058364 -0.4474605870220859 -0.6412150993486937 -0.6852843368255722 -0.5326713118901085 -0.2913397570342031 -0.07901988758025101 0.01297485466547516 0.03562629335966686 0.04057785233651923 0.04316413906073351 0.01768101046471136 -0.06639484863449641 -0.2167778419114184 -0.4058389209163858 -0.6049039495284294 -0.8708412152387879 -1.122738464776396 -0.5547279514230872
 0.1617146158051876 0.2716026864663843 0.4306647060719914 0.677375563528606 0.7662681694012491 0.609862850392843 0.3718205590678986 0.404691714673595 0.7708682242806744 1.075001619686968 0.7682656616028489 -0.005930123756283434 -0.6393563976528113 -0.711182292253977 -0.5690211743183293 -0.3901835053745312 -0.2038390025642067 -0.05966046140945455 0.01990570431974564 0.03176516729017798 0.02025019346558099 0.02514341399648078 0.03447682451120199 0.0325664123665141 0.02964995579341849
 0.1726862330998871 0.2636732264350888 0.467448583335707 0.6301327136296062 0.5772760230747027 0.4128850327384657 0.3148875054983441 0.3847356661705864 0.5748607091560808 0.6663929282388604 0.5214878862783144 0.3607511993042725 0.4960948156728571 0.7033480054881383 0.7688627280871188 0.4770199045510741 -0.1573156104418825 -0.7514204888988179 -0.9852650591223595 -0.8218490338231583 -0.5507194945941417 -0.3351745969149715 -0.1826572817825489 -0.07220172045541834 0.1800156132127119
 0.07513022946159489 0.09741523665066276 0.2570138698441339 0.3792930804204329 0.3372400505899674 0.2319984196461316 0.1794551670034864 0.2143944242458845 0.3002768404482528 0.3226364148677747 0.2398408020969432 0.2272859014674088 0.3581716302579849 0.4310280345293865 0.4215567452270648 0.3422380987970921 0.3490174708205095 0.634507100862947 1.005492331054628 1.089742578173671 0.7345598517545676 0.2466254039094527 -0.1890581456986979 -0.5391865135923697 -1.163652169207051
 0 0 0 0 0 0 0 0 0 0 0 0 0 0 0 0 0 0 0 0 0 0 4.440892098500626e-16 0 0
 0 0 0 0 0 0 0 0 0 0 0 0 0 0 0 0 0 0 0 0 0 0 0 0 0
 0 0 0 0 0 0 0 0 0 0 0 0 0 0 0 0 0 0 0 0 0 0 0 0 0
 1.683753429455457 2.366806942222865 2.739801057455696 2.212328814610338 1.265223918238556 0.8000197685981472 0.8250718264599226 0.9279361502536025 0.8965409410906667 0.6353761593670723 0.4639368186693938 0.5774770579325484 0.6191507925786884 0.4423573741885287 0.3160810217811846 0.3458732092658854 0.4960296374695722 0.579011007757797 0.4329295130462896 0.221824059308251 0.1928899506658897 0.2779844966367436 0.3567660750760484 0.4229411607256657 -0.2597667258313635
 -1.87445057582092 -1.824078219660513 -1.568010673861397 -0.9517659332794797 -0.3040364220472164 0.09393260370425804 0.4918065582399715 1.056187405067171 1.310576529974631 0.9820594245388212 0.7286517948229508 0.9862327504835813 1.074020258419253 0.7855885034298619 0.597956383749194 0.6499110606362335 0.8979988911308375 1.037092266514331 0.8276940426451512 0.5596030982125126 0.4051230627262787 0.3760048493160155 0.5481760868146117 0.7278126068002634 0.2028374405991679
 1.505999191024442 0.814808036505531 0.02843154640358925 -0.7575721988464332 -1.158245778589457 -1.22517922750195 -1.27192159167397 -1.316341454323253 -1.148333895997082 -0.8140007373610849 -0.6497136467966432 -0.5467814909696063 -0.09300845945105651 0.4218598798207299 0.7033406595430789 0.9317404077589855 1.345198095608957 1.519703339468312 1.088422735213635 0.5879088512708712 0.5714203370915432 0.7917653736815217 0.9904457289066618 1.110282271013983 0.1741426011523946
 0.4894003773987281 0.5398535260103527 0.769785472466091 0.9835912344264017 0.8281664832446595 0.4574405337215534 0.1924619552784139 -0.1322205639137699 -0.6371161147121012 -0.934189843130767 -0.8767692381720299 -0.915938443022539 -0.8177168266708966 -0.3292670926951214 0.0850371003725769 0.3053841398715089 0.5849935781536131 0.8264451109533746 0.7497634810423884 0.5299940273348166 0.438975124667294 0.5272439809725538 0.7623448635819704 0.9749903480136043 0.8447690215895535
 0.5729406369524277 0.7062030615911845 1.248050949211698 1.7389596806473 1.610569884538051 1.152595294497344 0.8693368472550747 0.6292934012872162 0.1987869036926763 -0.3001673032103195 -0.5604015324624703 -0.6888337381245186 -1.024559945089105 -1.281559313750638 -1.271539766134174 -1.181914233766194 -1.128618995509903 -0.8697048832594739 -0.3122447994540022 0.1378809601663631 0.3938267364974013 0.8754909975461183 1.469763857491234 1.862562707043693 3.213105032819906
 0.5952519677971834 0.8038357623736638 1.058043529301526 1.273262339515311 1.149411977316256 0.8206419643515034 0.6142389921217585 0.6889683316546754 0.9319247345491938 0.9886232476066757 0.7630463819340666 0.8781237746430955 1.32323590164839 1.19568471701741 0.635321815481555 0.1644415439250448 -0.1800893006438033 -0.7110690019555568 -1.235990736085413 -1.373168295327375 -1.325436932534809 -1.368780683232544 -1.386429188416015 -1.170611378826653 -0.4687661560505143
 0.2257087019840431 0.3102269450608257 0.517520876778077 0.6739045337311766 0.5965482090978729 0.4144276525929016 0.317590443986055 0.3721884751137104 0.5090957820419981 0.5421985025300806 0.4348717297548722 0.5238526197096849 0.8413303628540556 0.9175532885653914 0.8000849390586415 0.6847484565225038 0.8692744448595833 1.451006096917699 1.767312668378343 1.31975441011032 0.770602566506247 0.449173850118127 0.07866551978642167 -0.5088293757929241 -1.577696791142853
 0.1027497372949586 0.1481882696322539 0.3269466605434499 0.4451999256248685 0.3794766243679822 0.2569589112308531 0.2047700631130624 0.242856264769258 0.3215489171773194 0.3296464791676909 0.2615302579715618 0.3062780541013095 0.4741380634866375 0.5072179789981699 0.4510203256920891 0.4337123752402377 0.6425137920987448 1.1168668389651 1.421620085766823 1.260892647067585 0.8977849090537876 0.7105946021878283 0.9292488818146806 1.653968673474137 4.29272106939019
 0 0 0 0 0 0 0 0 0 0 0 0 0 0 0 0 0 0 0 0 0 0 0 0 0
 0 0 0 0 0 0 0 0 0 0 0 0 0 0 0 0 0 0 0 0 0 0 0 0 0
 -0.01824418165729639 -0.01821639794006266 -0.02021958607780345 -0.0248469015036827 -0.0297185707072799 -0.03319365841198837 -0.03252454713250222 -0.03036899646843151 -0.03381653558073923 -0.04218976953056749 -0.0478583055219961 -0.0453501404310843 -0.03651105217598193 -0.03155461806877575 -0.03256951812108321 -0.03421603622551565 -0.03193178231540131 -0.02891347273918582 -0.02812497242759442 -0.03119889560415354 -0.03416004480907989 -0.03242200682144158 -0.02990291185874797 -0.02720641480923453 -1.657906405614802
 -1.980637875931279e-13 -9.658940314238862e-14 8.135159212940835e-14 2.192690473634684e-14 -9.332812300755222e-15 -3.019806626980426e-14 -1.021405182655144e-14 -7.993605777301127e-15 -8.881784197001252e-16 1.457167719820518e-15 -9.992007221626409e-16 -6.328271240363392e-15 -8.793313299726435e-15 2.234323837058128e-15 3.552713678800501e-15 -5.329070518200751e-15 -2.55351295663786e-15 6.120104423246175e-15 2.645106356169435e-14 -1.532107773982716e-14 -4.218847493575595e-15 7.133182933216631e-15 -1.997707554934891e-14 2.180720881650444e-14 7.965850201685498e-15
 0.01469397595991803 -0.08006991370071137 -0.6971214384777783 -2.037191040743325 -3.833564580890505 -5.234620886260915 -4.021023792003672 -1.510287380186827 -0.4193455881584744 -0.3990448961925772 -0.8252803070690862 -1.012260911472424 -0.5659385702730978 -0.2530062361234252 -0.4476704494878576 -0.7119579216974208 -0.5903826837171777 -0.258840338509299 -0.109624303617931 -0.5459616240483416 -1.186490211167522 -1.039668008203005 -0.5351558482656876 -0.1675938381440713 0.5196823280976783
 -0.4686732221739044 -0.1847308131406497 0.1138030507712866 0.4442856348013248 0.753995375977514 0.8861948517709157 0.4165335029537461 -0.4891970246651233 -1.481825084610134 -2.371209796924962 -2.765714410675606 -2.311730057394083 -1.207862147354995 -1.038607085240941 -1.744755105310209 -1.906584552025227 -1.221531353470398 -0.6023750323500016 -0.4528532315842451 -0.4483039135414118 0.2606817393555932 0.1024822368290005 -0.4114254808691665 -0.3050687962475859 0.4332748426892323
 -1.606217242561011 -1.224859677456223 -0.8853533080114936 -0.5374127502683975 -0.2422914868591203 -0.02035316974688051 0.1340112491777994 0.3072202765649766 0.500525930470954 0.6120316320500361 0.560640710687766 0.1450764928483536 -0.847662668697488 -2.183629220665773 -3.276395369474253 -2.79455345168606 -1.6909435933252 -1.630147158307856 -2.812036891769926 -5.036729250760295 -5.889754823578815 -3.885583599607434 -1.699025358288658 -0.5846076634444788 0.7647918065333028
 8.792205618081244 6.099100033372959 4.017849087852368 1.993548340095944 0.05475156806557166 -1.888899473392715 -3.412923779136028 -2.999212287305146 -1.83223381601574 -0.8514265279790316 -0.1299172901195267 0.5995129588935482 1.504907257588612 2.577718132335694 3.36289442119891 2.624331172164537 0.843117154413324 -1.048960884451401 -2.672112734865005 -3.084339654855562 -1.329832128984228 -0.6544998673001964 -0.7846838624394837 -0.5530470430897998 0.09040759846395557
 8.519998493870311 5.223248746151616 3.260023385363778 1.847944676880579 1.404283212519603 2.232601187479883 3.401771943371213 2.695318151341834 1.278087806572706 0.1749049864021901 -0.4261561323553323 -0.6671106067255805 -0.6143595341511396 -0.4086134222490023 -0.2171235154714778 -0.07364495883138665 0.1202498424490605 0.3950897929031056 0.6940221230801294 0.889869564021864 0.6643642300663708 0.2861651598236835 -0.2503356328394203 -1.378389243089245 -3.444324837326215
 2.20078999827557 0.9303131725055003 0.4965187824533585 0.4334614227886899 0.9469536852152507 1.814475009782539 2.11466221266297 1.336189132496181 1.031265447108891 1.694795217390511 2.519391847590948 2.78128522521533 2.043881725229803 0.8844672541945962 -0.103021411822922 -0.7547196670642305 -0.8150663135007032 -0.5699847259038241 -0.2578360199258293 -0.01967939706065056 0.02242558072251283 0.02062695191737463 0.1389693324383366 0.37635968732989 0.6614523362222252
 0.9657753173658881 0.2823941630810413 -0.06717078160494394 0.0609642330495469 0.4121611165436825 0.6127557812683055 0.4356286635270621 0.1697720715576252 0.2855828968687658 0.6730823083548567 0.8814645846057831 0.7176227154310673 0.4125685229542024 0.951272606215305 2.769195481391811 4.580497480656703 4.140452077001659 2.548035152080577 0.8716203500473125 -0.3044173276457253 -0.8716070850486467 -1.061237229189236 -0.9147899115729624 -0.6251907631090057 -0.4296046435562172
 1.029345300677373 0.5272441001447097 0.03357251690296891 0.02918101101183027 0.2164458459904458 0.2767737168552358 0.1430254745946748 0.03812923397111601 0.1316823004138603 0.32009200101214 0.3430717308211462 0.1370989928500618 0.01966593161500033 0.3568061349869486 1.056400948743934 1.435186322891765 0.9840207060976186 0.6679262832092713 1.318506657501248 3.273264310001558 5.468654212873168 6.145379638449499 4.826258186661595 2.930820355072478 1.605942374839328
 0 0 0 0 0 0 0 0 0 0 0 0 0 0 0 0 0 0 0 0 0 0 -4.440892098500626e-16 0 0
 0 0 0 0 0 0 0 0 0 0 0 0 0 0 0 0 0 0 0 0 0 0 0 0 0
 0 0 0 0 0 0 0 0 0 0 0 0 0 0 0 0 0 0 0 0 0 0 0 0 0
 -4.08690081943486 -3.364110276661791 -2.01721856860929 -0.3237328507484079 0.06833995771898939 -0.7304504165081503 -1.133805398216608 -0.4629241912607456 0.1833187466367518 0.2617884626285021 -0.2001812232099192 -0.564377228418616 -0.3324662835505403 -0.01804578476497207 -0.1116650626892106 -0.4326343742324407 -0.4632348432707992 -0.1748954377151052 0.02603145532423515 -0.3342833905533311 -0.9441006427277264 -0.8479918708239743 -0.4360929710427123 -0.1270516473592944 0.4230477340142647
 3.170062871350501 2.440395073215389 1.836729062903154 1.524963675383438 2.069735275763331 2.745750216962954 2.013324634218534 0.9992075551777673 0.9980625662855309 0.7796705063787318 -0.1907018402810313 -0.9115512786645229 -0.4479820764398533 0.1801171792054739 0.1062157764654779 -0.4878083700981687 -0.6573732663025931 -0.2136012190211591 0.2416995009805419 0.4552344762020669 0.7353428078866893 0.1843072808751164 -0.4048714217718624 -0.2596122129874084 0.2311390609762878
 -7.697914095313275 -4.471389410459381 -2.502786333385597 -1.571352661486744 -1.457938517037412 -1.130768888375098 -0.08549168046067046 0.57750619613265 0.7251477140803956 1.105298296365344 1.671762983596923 1.790610718128211 1.548623749748366 1.838355909583972 1.862806291090372 0.5012654252480693 -0.4803019755250659 -0.1729425074087561 0.06433194684148469 -0.9713756626418825 -2.268982777069725 -1.989039502002771 -1.089872810305704 -0.3411467569171329 0.5058362930981827
 0.4558072513473464 0.00321576233974602 -0.3431970129899874 -0.2133465663594354 0.06044427183970968 -0.461036651043421 -1.567102439657823 -1.506551547879269 -1.088589480780144 -0.9426162525521351 -0.3379020945795201 0.6349182889328311 0.9806816401474224 1.237620614564146 1.741089550561692 1.269483234927015 0.3733530698808917 0.2695028345570398 0.535899595823965 0.5328196805937016 0.2134646560256407 -0.2642232780587953 -0.516721023444604 -0.2333177112137876 0.1267733122981414
 2.254349167476747 0.7767353862853408 -0.3908239991339831 -0.2715307136293607 0.23982778237927 -0.3668569116501685 -1.891850144575791 -2.061854214156797 -1.524996747783706 -1.419426436827187 -1.591869217845018 -1.363595453947681 -0.8207518624974725 -0.6666672120859014 -0.3128707495821996 0.6819843974288848 1.310370897716278 1.462535881370809 1.988594561003431 2.962846713514296 2.307663068528237 0.5979975785564644 -0.2996702259837387 0.004918572785325148 -0.337286120304296
 -1.006988828879356 -1.127156336854848 -0.6681930363226311 -0.06541475043771762 0.6544862093407453 0.9624018315243661 0.4915240220918288 -0.02385499494947053 0.1679504957999831 0.6559373133690281 0.4484847031195124 -0.6183449657857766 -1.221530099855419 -1.040897994019482 -1.626785417462614 -2.644548059710813 -2.341340704174085 -1.63908108640021 -1.553380474515392 -1.556793779972321 -0.434153633014128 0.8495826218182687 1.391596110879873 1.397954401491785 1.671869478764082
 0.4689260522210263 0.03002052160211241 -0.2175750156737334 -0.02084194522074944 0.3435291366464722 0.4640111042234378 0.1989389420874936 -0.01902957033331392 0.1325328396960929 0.4180399230568227 0.3484992739231402 -0.161538513978486 -0.3896226292706262 0.116779214690348 0.787082240793559 0.7683954831905648 0.01375217691234545 -0.1868741603817897 0.5167392011936496 0.394205763816581 -1.664384288421441 -2.990800906769254 -2.547563324537172 -1.685344595375701 -1.271165535400103
 0.7083159881749865 0.2679530511695064 -0.1249248026385442 -0.03672468779166924 0.1813713330362819 0.2045879397847155 0.02352984467238361 -0.05549771618057471 0.07589479530945015 0.2486015758962409 0.2003367741416452 -0.0734835236727323 -0.1733696883249017 0.1359975743137674 0.5042967363360833 0.4407352894729046 0.00565334038932603 0.0518464606930589 0.9161407761279833 2.027072616135543 2.437200100205301 1.685706113233588 0.3650582324122995 -0.1668169393299934 -0.5487496230991685
 0 0 0 0 0 0 0 0 0 0 0 0 0 0 0 0 0 0 0 0 0 0 0 0 0
 0 0 0 0 0 0 0 0 0 0 0 0 0 0 0 0 0 0 0 0 0 0 0 0 0
 -0.109435355220383 -0.07142745614838829 -0.0386409985197216 -0.008377984987862779 0.01297687348237148 0.01672351597345405 -0.00510240253144887 -0.01300156159470034 -0.001816806828570877 0.00478582581312198 0.002853706271438015 -0.003314253789982792 -0.003825454840242781 0.005778671592182649 0.004874282827517097 -0.01562615184277493 -0.02010104045635248 -0.003370489251625376 0.01989951110690141 0.03169963459827264 0.006896562123798994 -0.02050858622955144 -0.02298458457425546 -0.007182956453581153 2.232082196344531
 2.436939539052219e-14 1.354472090042691e-14 -5.045226389444046e-15 -4.787836793695988e-15 -2.671474153004283e-15 -1.665334536937735e-15 1.831867990631508e-15 9.71445146547012e-16 7.702172233337023e-16 -5.412337245047638e-16 1.595945597898663e-16 1.637578961322106e-15 2.919539610068966e-15 5.287653995211805e-16 -4.718447854656915e-16 -8.881784197001252e-16 -1.40165656858926e-15 7.233796894823286e-16 -2.475450400218904e-15 4.649058915617843e-16 6.938893903907228e-16 -4.059252933785729e-16 2.108122704180815e-15 6.29704621779581e-16 -5.377642775528102e-16
 0.1611834228282757 0.1982559274826466 0.2665666992159529 0.3846799242499539 0.574131106069324 0.7532190077434244 0.5664125409390438 0.1721172964644993 0.01827845051906446 0.04572980695656222 0.1282939552101426 0.18836905510859 0.1437529176036024 0.06995320866864024 0.06010591595762026 0.06825690277171953 0.04349578644365605 0.02426082494349281 0.03383745408215236 0.09229067269836971 0.1634542319395115 0.1273902087517975 0.04961709200234903 0.009809939774479959 -0.0633795932707481
 0.05406383399875397 0.03612588337606328 0.02216432577021048 0.007577123617587028 -0.005725727647119734 0.004220471821147945 0.1039513922047354 0.261864829933438 0.3871549787250675 0.4430831510825028 0.4586420783022134 0.4251332637486527 0.2727771875190771 0.2001322401309502 0.2502081058993159 0.2283396428073241 0.124940145361761 0.07731577806808423 0.08403524122988745 0.06407673994567321 -0.06971929755121982 -0.0672883540091482 0.0157286624609072 0.03505696749595827 -0.03658371713967126
 0.03303707305231268 0.01906752600308829 0.01291102408335754 0.002121105907536829 -0.009288935325380073 -0.01809638265936968 -0.02080382762944622 -0.02474335314653398 -0.02602669827490511 -0.01410780322740078 0.00611313615352737 0.05832682713616085 0.2003071326731198 0.4050745927508868 0.5560116713007988 0.4589675788095585 0.303217497415013 0.3043059989219312 0.4379984994641336 0.6914884859648147 0.7694277169888514 0.4700316155278136 0.165835345895071 0.05245411229555204 -0.08475263726712434
 -1.068289553398581 -0.7401602409442775 -0.5229036969846155 -0.3669262514717345 -0.2229922089098884 0.003762584525274171 0.2609476390063407 0.2624015748362657 0.1435255905252019 0.05401854810523191 0.006764678192831889 -0.04407072657075935 -0.1333052002264371 -0.2458040855317422 -0.2963979533836817 -0.1258480948276453 0.1150178593969802 0.271345798384679 0.3820886646218831 0.3866276875603298 0.1245131651774709 0.0359307652921009 0.0887516555660508 0.0971637033133448 0.02260542567336087
 -1.019411638034786 -0.6429052331316371 -0.4528302154193292 -0.3164448988362806 -0.2657053993671702 -0.373919600806868 -0.5544264389161462 -0.4606408860943634 -0.249170839788789 -0.09781650238064615 -0.02468740411994335 0.0173596973314936 0.03791935985496243 0.03403192800189538 0.02645390744504849 0.02448288351777714 0.01804805877946667 0.007009977515186724 -0.002854710270758076 0.004157573333228427 0.07091090663581917 0.1527648250689036 0.2300659171232115 0.3347422883050923 0.5229054645746855
 -0.2621050576255095 -0.129553280195825 -0.09861054813922815 -0.07618163013195675 -0.10073708227209 -0.2077517214431769 -0.2865986475429958 -0.2308072829579393 -0.2439076233938172 -0.3440739802874083 -0.4240071386152232 -0.4857863095170547 -0.4670763487521419 -0.3335192330855845 -0.1673689902308307 -0.03791158824854426 0.0004088616974048873 -0.004255013142085984 -0.01592018921284007 -0.02237021628696251 -0.008473492488566332 0.008913619715996211 0.01170415111389391 0.003813207447266238 -0.003546393660991769
 -0.1216172572497037 -0.05740531269450125 -0.02177629958412682 -0.009493914753404789 -0.01861461334998224 -0.04079410817140706 -0.03861511088253793 -0.0359149961262181 -0.08381221749507378 -0.1348682604154856 -0.1448649995052936 -0.1177270870608162 -0.04611644955147323 -0.09765289953616525 -0.380321084103341 -0.6541197217634839 -0.5901478537727995 -0.4119141628137568 -0.2677639635249427 -0.1546584521419989 -0.06842459833813658 -0.007838981662335764 0.009751016131744627 0.001753881106557825 0.004491975420159221
 -0.1329540854339561 -0.08536708067852976 -0.02803041185220306 -0.006544510518834619 -0.007006859625030924 -0.01224203381553979 -0.00653750767045656 -0.01173896484057304 -0.04210567090493955 -0.06573037200235732 -0.05580417922204591 -0.01476018290735197 0.02592770843614067 -0.01402795499802147 -0.1345758037695452 -0.2116698821523976 -0.1693684105895659 -0.1319652735891704 -0.1750847899801083 -0.3820835127373848 -0.6661965728802592 -0.7923175893134563 -0.6670919988034792 -0.4653729706138636 -0.3559823195069055
 0 0 0 0 0 0 0 0 0 0 0 0 0 0 0 0 0 0 0 0 0 0 2.775557561562891e-17 0 0
 0 0 0 0 0 0 0 0 0 0 0 0 0 0 0 0 0 0 0 0 0 0 0 0 0
 0 0 0 0 0 0 0 0 0 0 0 0 0 0 0 0 0 0 0 0 0 0 0 0 0
 -0.1691385761738895 -0.2164019506873965 -0.2003682044947876 -0.1664863080620808 -0.1096414145849419 -0.01650075207791185 0.001591672167154289 -0.1199706349491 -0.1862666750221394 -0.1267657624779465 -0.01173901018866387 0.07719038403633338 0.07088739695957291 0.007883264751636331 -0.01138697823330537 0.009776361142237681 0.009786770161593206 0.0003292055083484695 0.008688843687459829 0.06013875555379212 0.1272335386582038 0.0971988391157608 0.03230430151398984 0.0006644043470912839 -0.05362125514683457
 -0.3554332719397695 -0.4170957262071298 -0.535230340729496 -0.6783007452012541 -0.8512115753231662 -0.9977712993670287 -0.9144595118120485 -0.7256439547871009 -0.5995990061894818 -0.388553254030313 -0.1299567686466319 0.05619532113933758 0.03561267625892108 -0.0917099577171758 -0.1307019139489399 -0.07254690425612474 -0.04042740734545226 -0.04022641923607354 -0.03999740303729703 -0.07000271402178235 -0.1428298387353334 -0.09218984827604612 -0.007481187555274581 0.008978495307396101 -0.01048688698450807
 1.499259011821596 1.131961326036237 0.9008708731346537 0.7123807067753558 0.5541621118036233 0.3694526183500589 0.09032284171839312 -0.1436954832869377 -0.3166270921650755 -0.511962865682365 -0.6905531888150613 -0.7889828489331804 -0.7875154117414224 -0.8096807015196986 -0.7684155905347012 -0.5018658749941873 -0.2685778475202258 -0.1645386159840681 -0.07655186016606316 0.07755759657437027 0.2209414620723592 0.1552953461921541 0.03486415235306849 -0.01768419929637361 -0.07029222596485434
 0.01787038046950656 0.05049144944953611 0.09118992344396598 0.138603189139976 0.1987792403210702 0.3379298035457854 0.5446911882995616 0.5649485727534371 0.4831879267386654 0.349297079552738 0.09643506854580201 -0.2170645751780196 -0.4228470799802793 -0.5238197709498171 -0.5959078950206916 -0.4897494318517955 -0.3101195746052499 -0.2168129958149459 -0.1762439411079254 -0.1564974246321348 -0.12999088333175 -0.08177064248827901 -0.04022583152422764 -0.02926796028025781 -0.01175016073802536
 -0.2014366539992855 -0.05885448392644374 0.08179939051725224 0.1750067160682906 0.2716057203070783 0.4694397863988813 0.7577777239964392 0.8229856310834724 0.7634596792292278 0.7346907702329748 0.7000801846332205 0.589532229829134 0.3866823011132312 0.2086149432092014 0.01365330248936315 -0.2615495426657689 -0.4790631639108376 -0.6388128111157804 -0.8100961276327977 -0.9698290986496311 -0.874646105747551 -0.613465493186414 -0.4104830092431603 -0.3000074597394583 -0.09481934949679224
 0.1439169750755787 0.1250669251405775 0.05691919362705029 0.03644349476858099 0.01985995597189504 0.002020765703815625 0.0443439195290778 0.07309277555102407 0.008299340786025131 -0.03525353546933092 0.06336542885797025 0.3169189065259648 0.5848224925327536 0.7052954965555776 0.8543530183808117 0.9975589201392304 0.9092784135552214 0.7370573700791696 0.582084158641401 0.4104724831740776 0.1103860212629906 -0.1979572463380161 -0.4182307354539375 -0.5822765411105726 -0.749170110715759
 -0.05659706780128911 -0.02316653365702301 0.001815952782271559 0.009936739264987521 0.002684515639074793 -0.005974407281871839 0.01312468787350311 0.0148705949506083 -0.03119451632561953 -0.06243497129656185 -0.02371152464177388 0.08912350916748241 0.1980834689147263 0.1699940542463343 0.06121529188934857 0.03133889660930927 0.1081733234603905 0.1768353829141057 0.2475464909064434 0.4258748895008026 0.7781574666144551 0.9783703083857824 0.9112277056691309 0.7460499181726455 0.5624990576511818
 -0.09149613974076677 -0.05137378287229553 -0.00489018828800378 0.008632515084597468 0.006239106502423224 0.005521578501791457 0.01707518261016507 0.007750246018818354 -0.02680404520315202 -0.04549115743589193 -0.02340329640314166 0.03441856414754616 0.08542275663882544 0.05563633641034101 -0.01738329653435387 -0.04062127937411814 -0.009605711355891808 0.0008503539706426063 -0.02389964572888859 -0.0985493725204479 -0.1516134199330215 -0.09213224012953058 0.0481147433876289 0.1526780575326619 0.3879668289998327
 0 0 0 0 0 0 0 0 0 0 0 0 0 0 0 0 0 0 0 0 0 0 0 0 0
 0 0 0 0 0 0 0 0 0 0 0 0 0 0 0 0 0 0 0 0 0 0 0 0 0
 0.01284766378852292 0.008257680006231919 0.004754807510653692 0.001198432297228634 -0.001957345681237772 -0.002960373252119665 0.0001990636631361781 0.001973380534153854 0.001106351819829052 0.0003898778403551529 -0.0002211299698353504 -0.0004111862169381281 -0.0003667626619817507 -0.00121680461309062 -0.0004420329188704964 0.00283471097817359 0.00315126590750974 0.0005213524139044699 -0.002654094078169147 -0.004108014433496856 -0.0006635281277014744 0.003045458191405732 0.003320908002295237 0.0009786755737292954 -0.2675452642232204

